czas           6
-0.3612 0.000001
-0.3609 0.000001
-0.3606 0.000001
-0.3603 0.000001
-0.36   0.000001
-0.3597 0.000001
-0.3594 0.000002
-0.3591 0.000002
-0.3588 0.000002
-0.3585 0.000003
-0.3582 0.000003
-0.3579 0.000004
-0.3576 0.000004
-0.3573 0.000004
-0.357  0.000005
-0.3567 0.000005
-0.3564 0.000006
-0.3561 0.000006
-0.3558 0.000007
-0.3555 0.000007
-0.3552 0.000007
-0.3549 0.000008
-0.3546 0.000008
-0.3543 0.000009
-0.354  0.000009
-0.3537 0.00001
-0.3534 0.00001
-0.3531 0.000011
-0.3528 0.000012
-0.3525 0.000012
-0.3522 0.000013
-0.3519 0.000013
-0.3516 0.000013
-0.3513 0.000014
-0.351  0.000014
-0.3507 0.000014
-0.3504 0.000015
-0.3501 0.000015
-0.3498 0.000015
-0.3495 0.000016
-0.3492 0.000016
-0.3489 0.000016
-0.3486 0.000016
-0.3483 0.000017
-0.348  0.000017
-0.3477 0.000017
-0.3474 0.000017
-0.3471 0.000018
-0.3468 0.000018
-0.3465 0.000018
-0.3462 0.000018
-0.3459 0.000018
-0.3456 0.000018
-0.3453 0.000018
-0.345  0.000018
-0.3447 0.000018
-0.3444 0.000019
-0.3441 0.000019
-0.3438 0.000019
-0.3435 0.000019
-0.3432 0.000019
-0.3429 0.000019
-0.3426 0.000019
-0.3423 0.00002
-0.342  0.00002
-0.3417 0.00002
-0.3414 0.00002
-0.3411 0.000021
-0.3408 0.000021
-0.3405 0.000021
-0.3402 0.000022
-0.3399 0.000022
-0.3396 0.000023
-0.3393 0.000023
-0.339  0.000024
-0.3387 0.000024
-0.3384 0.000024
-0.3381 0.000025
-0.3378 0.000026
-0.3375 0.000026
-0.3372 0.000027
-0.3369 0.000027
-0.3366 0.000028
-0.3363 0.000028
-0.336  0.000029
-0.3357 0.000029
-0.3354 0.00003
-0.3351 0.000031
-0.3348 0.000031
-0.3345 0.000032
-0.3342 0.000032
-0.3339 0.000032
-0.3336 0.000033
-0.3333 0.000033
-0.333  0.000034
-0.3327 0.000035
-0.3324 0.000035
-0.3321 0.000036
-0.3318 0.000036
-0.3315 0.000037
-0.3312 0.000038
-0.3309 0.000039
-0.3306 0.000039
-0.3303 0.00004
-0.33   0.000041
-0.3297 0.000042
-0.3294 0.000043
-0.3291 0.000043
-0.3288 0.000044
-0.3285 0.000045
-0.3282 0.000046
-0.3279 0.000047
-0.3276 0.000048
-0.3273 0.000049
-0.327  0.000049
-0.3267 0.00005
-0.3264 0.000051
-0.3261 0.000051
-0.3258 0.000052
-0.3255 0.000052
-0.3252 0.000053
-0.3249 0.000053
-0.3246 0.000054
-0.3243 0.000054
-0.324  0.000055
-0.3237 0.000055
-0.3234 0.000056
-0.3231 0.000056
-0.3228 0.000057
-0.3225 0.000058
-0.3222 0.000058
-0.3219 0.000059
-0.3216 0.000059
-0.3213 0.00006
-0.321  0.000061
-0.3207 0.000061
-0.3204 0.000062
-0.3201 0.000062
-0.3198 0.000063
-0.3195 0.000064
-0.3192 0.000064
-0.3189 0.000065
-0.3186 0.000065
-0.3183 0.000066
-0.318  0.000066
-0.3177 0.000067
-0.3174 0.000068
-0.3171 0.000068
-0.3168 0.000069
-0.3165 0.00007
-0.3162 0.00007
-0.3159 0.000071
-0.3156 0.000072
-0.3153 0.000073
-0.315  0.000073
-0.3147 0.000074
-0.3144 0.000075
-0.3141 0.000076
-0.3138 0.000077
-0.3135 0.000078
-0.3132 0.000079
-0.3129 0.00008
-0.3126 0.00008
-0.3123 0.000081
-0.312  0.000082
-0.3117 0.000083
-0.3114 0.000084
-0.3111 0.000085
-0.3108 0.000085
-0.3105 0.000086
-0.3102 0.000087
-0.3099 0.000087
-0.3096 0.000088
-0.3093 0.000089
-0.309  0.000089
-0.3087 0.00009
-0.3084 0.000091
-0.3081 0.000091
-0.3078 0.000092
-0.3075 0.000093
-0.3072 0.000093
-0.3069 0.000094
-0.3066 0.000094
-0.3063 0.000095
-0.306  0.000095
-0.3057 0.000096
-0.3054 0.000096
-0.3051 0.000097
-0.3048 0.000098
-0.3045 0.000098
-0.3042 0.000099
-0.3039 0.0001
-0.3036 0.0001
-0.3033 0.000101
-0.303  0.000102
-0.3027 0.000102
-0.3024 0.000103
-0.3021 0.000103
-0.3018 0.000104
-0.3015 0.000105
-0.3012 0.000105
-0.3009 0.000105
-0.3006 0.000106
-0.3003 0.000106
-0.3    0.000107
-0.2997 0.000107
-0.2994 0.000108
-0.2991 0.000108
-0.2988 0.000109
-0.2985 0.00011
-0.2982 0.00011
-0.2979 0.000111
-0.2976 0.000111
-0.2973 0.000112
-0.297  0.000112
-0.2967 0.000113
-0.2964 0.000114
-0.2961 0.000114
-0.2958 0.000115
-0.2955 0.000116
-0.2952 0.000116
-0.2949 0.000117
-0.2946 0.000117
-0.2943 0.000118
-0.294  0.000118
-0.2937 0.000119
-0.2934 0.00012
-0.2931 0.00012
-0.2928 0.000121
-0.2925 0.000121
-0.2922 0.000122
-0.2919 0.000122
-0.2916 0.000123
-0.2913 0.000123
-0.291  0.000124
-0.2907 0.000124
-0.2904 0.000125
-0.2901 0.000126
-0.2898 0.000126
-0.2895 0.000127
-0.2892 0.000127
-0.2889 0.000127
-0.2886 0.000128
-0.2883 0.000128
-0.288  0.000129
-0.2877 0.000129
-0.2874 0.000129
-0.2871 0.00013
-0.2868 0.00013
-0.2865 0.000131
-0.2862 0.000131
-0.2859 0.000132
-0.2856 0.000132
-0.2853 0.000133
-0.285  0.000134
-0.2847 0.000134
-0.2844 0.000135
-0.2841 0.000136
-0.2838 0.000136
-0.2835 0.000137
-0.2832 0.000138
-0.2829 0.000138
-0.2826 0.000139
-0.2823 0.000139
-0.282  0.00014
-0.2817 0.000141
-0.2814 0.000142
-0.2811 0.000143
-0.2808 0.000143
-0.2805 0.000144
-0.2802 0.000145
-0.2799 0.000146
-0.2796 0.000147
-0.2793 0.000148
-0.279  0.000149
-0.2787 0.00015
-0.2784 0.000151
-0.2781 0.000152
-0.2778 0.000153
-0.2775 0.000153
-0.2772 0.000154
-0.2769 0.000155
-0.2766 0.000156
-0.2763 0.000157
-0.276  0.000157
-0.2757 0.000158
-0.2754 0.000159
-0.2751 0.00016
-0.2748 0.000161
-0.2745 0.000161
-0.2742 0.000162
-0.2739 0.000163
-0.2736 0.000164
-0.2733 0.000164
-0.273  0.000165
-0.2727 0.000166
-0.2724 0.000166
-0.2721 0.000167
-0.2718 0.000167
-0.2715 0.000168
-0.2712 0.000168
-0.2709 0.000169
-0.2706 0.000169
-0.2703 0.00017
-0.27   0.00017
-0.2697 0.000171
-0.2694 0.000171
-0.2691 0.000172
-0.2688 0.000172
-0.2685 0.000173
-0.2682 0.000173
-0.2679 0.000173
-0.2676 0.000174
-0.2673 0.000174
-0.267  0.000174
-0.2667 0.000175
-0.2664 0.000175
-0.2661 0.000175
-0.2658 0.000176
-0.2655 0.000176
-0.2652 0.000176
-0.2649 0.000177
-0.2646 0.000177
-0.2643 0.000177
-0.264  0.000178
-0.2637 0.000178
-0.2634 0.000178
-0.2631 0.000179
-0.2628 0.000179
-0.2625 0.00018
-0.2622 0.00018
-0.2619 0.000181
-0.2616 0.000181
-0.2613 0.000182
-0.261  0.000182
-0.2607 0.000183
-0.2604 0.000183
-0.2601 0.000184
-0.2598 0.000184
-0.2595 0.000185
-0.2592 0.000185
-0.2589 0.000186
-0.2586 0.000186
-0.2583 0.000187
-0.258  0.000187
-0.2577 0.000188
-0.2574 0.000188
-0.2571 0.000188
-0.2568 0.000189
-0.2565 0.000189
-0.2562 0.00019
-0.2559 0.00019
-0.2556 0.000191
-0.2553 0.000192
-0.255  0.000192
-0.2547 0.000193
-0.2544 0.000193
-0.2541 0.000193
-0.2538 0.000194
-0.2535 0.000194
-0.2532 0.000195
-0.2529 0.000195
-0.2526 0.000196
-0.2523 0.000196
-0.252  0.000196
-0.2517 0.000197
-0.2514 0.000197
-0.2511 0.000197
-0.2508 0.000198
-0.2505 0.000198
-0.2502 0.000198
-0.2499 0.000198
-0.2496 0.000198
-0.2493 0.000198
-0.249  0.000198
-0.2487 0.000198
-0.2484 0.000198
-0.2481 0.000198
-0.2478 0.000198
-0.2475 0.000198
-0.2472 0.000198
-0.2469 0.000198
-0.2466 0.000198
-0.2463 0.000198
-0.246  0.000199
-0.2457 0.000199
-0.2454 0.000199
-0.2451 0.000199
-0.2448 0.000198
-0.2445 0.000198
-0.2442 0.000198
-0.2439 0.000198
-0.2436 0.000198
-0.2433 0.000198
-0.243  0.000198
-0.2427 0.000197
-0.2424 0.000197
-0.2421 0.000197
-0.2418 0.000197
-0.2415 0.000197
-0.2412 0.000197
-0.2409 0.000196
-0.2406 0.000196
-0.2403 0.000196
-0.24   0.000196
-0.2397 0.000196
-0.2394 0.000196
-0.2391 0.000196
-0.2388 0.000196
-0.2385 0.000195
-0.2382 0.000195
-0.2379 0.000195
-0.2376 0.000195
-0.2373 0.000195
-0.237  0.000195
-0.2367 0.000195
-0.2364 0.000195
-0.2361 0.000195
-0.2358 0.000195
-0.2355 0.000195
-0.2352 0.000195
-0.2349 0.000195
-0.2346 0.000195
-0.2343 0.000195
-0.234  0.000195
-0.2337 0.000195
-0.2334 0.000195
-0.2331 0.000195
-0.2328 0.000195
-0.2325 0.000195
-0.2322 0.000195
-0.2319 0.000195
-0.2316 0.000195
-0.2313 0.000195
-0.231  0.000195
-0.2307 0.000195
-0.2304 0.000195
-0.2301 0.000195
-0.2298 0.000195
-0.2295 0.000195
-0.2292 0.000195
-0.2289 0.000195
-0.2286 0.000195
-0.2283 0.000195
-0.228  0.000195
-0.2277 0.000195
-0.2274 0.000195
-0.2271 0.000195
-0.2268 0.000195
-0.2265 0.000195
-0.2262 0.000195
-0.2259 0.000194
-0.2256 0.000194
-0.2253 0.000194
-0.225  0.000194
-0.2247 0.000194
-0.2244 0.000194
-0.2241 0.000193
-0.2238 0.000193
-0.2235 0.000193
-0.2232 0.000193
-0.2229 0.000193
-0.2226 0.000192
-0.2223 0.000192
-0.222  0.000192
-0.2217 0.000192
-0.2214 0.000192
-0.2211 0.000191
-0.2208 0.000191
-0.2205 0.000191
-0.2202 0.000191
-0.2199 0.000191
-0.2196 0.000191
-0.2193 0.00019
-0.219  0.00019
-0.2187 0.00019
-0.2184 0.00019
-0.2181 0.00019
-0.2178 0.00019
-0.2175 0.000189
-0.2172 0.000189
-0.2169 0.000189
-0.2166 0.000189
-0.2163 0.000188
-0.216  0.000188
-0.2157 0.000187
-0.2154 0.000187
-0.2151 0.000186
-0.2148 0.000186
-0.2145 0.000186
-0.2142 0.000185
-0.2139 0.000185
-0.2136 0.000184
-0.2133 0.000184
-0.213  0.000183
-0.2127 0.000183
-0.2124 0.000183
-0.2121 0.000182
-0.2118 0.000181
-0.2115 0.000181
-0.2112 0.00018
-0.2109 0.00018
-0.2106 0.000179
-0.2103 0.000178
-0.21   0.000178
-0.2097 0.000177
-0.2094 0.000176
-0.2091 0.000176
-0.2088 0.000175
-0.2085 0.000174
-0.2082 0.000173
-0.2079 0.000173
-0.2076 0.000172
-0.2073 0.000172
-0.207  0.000171
-0.2067 0.00017
-0.2064 0.00017
-0.2061 0.000169
-0.2058 0.000168
-0.2055 0.000168
-0.2052 0.000167
-0.2049 0.000167
-0.2046 0.000166
-0.2043 0.000166
-0.204  0.000165
-0.2037 0.000165
-0.2034 0.000164
-0.2031 0.000164
-0.2028 0.000164
-0.2025 0.000163
-0.2022 0.000163
-0.2019 0.000163
-0.2016 0.000162
-0.2013 0.000162
-0.201  0.000162
-0.2007 0.000161
-0.2004 0.000161
-0.2001 0.000161
-0.1998 0.000161
-0.1995 0.000161
-0.1992 0.000161
-0.1989 0.00016
-0.1986 0.00016
-0.1983 0.00016
-0.198  0.00016
-0.1977 0.00016
-0.1974 0.000159
-0.1971 0.000159
-0.1968 0.000159
-0.1965 0.000158
-0.1962 0.000158
-0.1959 0.000158
-0.1956 0.000158
-0.1953 0.000158
-0.195  0.000157
-0.1947 0.000157
-0.1944 0.000157
-0.1941 0.000156
-0.1938 0.000156
-0.1935 0.000155
-0.1932 0.000155
-0.1929 0.000154
-0.1926 0.000154
-0.1923 0.000153
-0.192  0.000153
-0.1917 0.000152
-0.1914 0.000151
-0.1911 0.000151
-0.1908 0.00015
-0.1905 0.00015
-0.1902 0.000149
-0.1899 0.000149
-0.1896 0.000148
-0.1893 0.000147
-0.189  0.000146
-0.1887 0.000146
-0.1884 0.000145
-0.1881 0.000144
-0.1878 0.000143
-0.1875 0.000142
-0.1872 0.000141
-0.1869 0.000141
-0.1866 0.00014
-0.1863 0.000139
-0.186  0.000138
-0.1857 0.000137
-0.1854 0.000136
-0.1851 0.000136
-0.1848 0.000135
-0.1845 0.000135
-0.1842 0.000134
-0.1839 0.000133
-0.1836 0.000133
-0.1833 0.000132
-0.183  0.000132
-0.1827 0.000132
-0.1824 0.000131
-0.1821 0.000131
-0.1818 0.000131
-0.1815 0.00013
-0.1812 0.00013
-0.1809 0.00013
-0.1806 0.00013
-0.1803 0.00013
-0.18   0.000129
-0.1797 0.000129
-0.1794 0.000129
-0.1791 0.000129
-0.1788 0.000129
-0.1785 0.000129
-0.1782 0.000129
-0.1779 0.000129
-0.1776 0.000128
-0.1773 0.000128
-0.177  0.000128
-0.1767 0.000128
-0.1764 0.000128
-0.1761 0.000128
-0.1758 0.000128
-0.1755 0.000128
-0.1752 0.000128
-0.1749 0.000128
-0.1746 0.000128
-0.1743 0.000128
-0.174  0.000128
-0.1737 0.000127
-0.1734 0.000127
-0.1731 0.000127
-0.1728 0.000127
-0.1725 0.000127
-0.1722 0.000127
-0.1719 0.000127
-0.1716 0.000127
-0.1713 0.000127
-0.171  0.000127
-0.1707 0.000127
-0.1704 0.000127
-0.1701 0.000127
-0.1698 0.000127
-0.1695 0.000127
-0.1692 0.000127
-0.1689 0.000127
-0.1686 0.000127
-0.1683 0.000127
-0.168  0.000127
-0.1677 0.000127
-0.1674 0.000127
-0.1671 0.000127
-0.1668 0.000126
-0.1665 0.000126
-0.1662 0.000126
-0.1659 0.000126
-0.1656 0.000126
-0.1653 0.000125
-0.165  0.000125
-0.1647 0.000125
-0.1644 0.000125
-0.1641 0.000124
-0.1638 0.000124
-0.1635 0.000124
-0.1632 0.000123
-0.1629 0.000123
-0.1626 0.000123
-0.1623 0.000122
-0.162  0.000122
-0.1617 0.000122
-0.1614 0.000122
-0.1611 0.000122
-0.1608 0.000121
-0.1605 0.000121
-0.1602 0.000121
-0.1599 0.000121
-0.1596 0.00012
-0.1593 0.00012
-0.159  0.00012
-0.1587 0.00012
-0.1584 0.00012
-0.1581 0.000119
-0.1578 0.000119
-0.1575 0.000119
-0.1572 0.000119
-0.1569 0.000119
-0.1566 0.000119
-0.1563 0.000118
-0.156  0.000118
-0.1557 0.000118
-0.1554 0.000118
-0.1551 0.000118
-0.1548 0.000117
-0.1545 0.000117
-0.1542 0.000117
-0.1539 0.000117
-0.1536 0.000117
-0.1533 0.000116
-0.153  0.000116
-0.1527 0.000116
-0.1524 0.000116
-0.1521 0.000115
-0.1518 0.000115
-0.1515 0.000115
-0.1512 0.000115
-0.1509 0.000115
-0.1506 0.000114
-0.1503 0.000114
-0.15   0.000114
-0.1497 0.000113
-0.1494 0.000113
-0.1491 0.000113
-0.1488 0.000112
-0.1485 0.000112
-0.1482 0.000112
-0.1479 0.000111
-0.1476 0.000111
-0.1473 0.000111
-0.147  0.00011
-0.1467 0.00011
-0.1464 0.000109
-0.1461 0.000109
-0.1458 0.000108
-0.1455 0.000108
-0.1452 0.000108
-0.1449 0.000108
-0.1446 0.000107
-0.1443 0.000107
-0.144  0.000107
-0.1437 0.000107
-0.1434 0.000106
-0.1431 0.000106
-0.1428 0.000106
-0.1425 0.000106
-0.1422 0.000106
-0.1419 0.000106
-0.1416 0.000106
-0.1413 0.000106
-0.141  0.000106
-0.1407 0.000106
-0.1404 0.000106
-0.1401 0.000106
-0.1398 0.000106
-0.1395 0.000106
-0.1392 0.000106
-0.1389 0.000106
-0.1386 0.000106
-0.1383 0.000106
-0.138  0.000106
-0.1377 0.000106
-0.1374 0.000106
-0.1371 0.000105
-0.1368 0.000105
-0.1365 0.000105
-0.1362 0.000105
-0.1359 0.000105
-0.1356 0.000104
-0.1353 0.000104
-0.135  0.000104
-0.1347 0.000104
-0.1344 0.000103
-0.1341 0.000103
-0.1338 0.000103
-0.1335 0.000102
-0.1332 0.000102
-0.1329 0.000102
-0.1326 0.000101
-0.1323 0.000101
-0.132  0.0001
-0.1317 0.0001
-0.1314 0.0001
-0.1311 0.0001
-0.1308 0.000099
-0.1305 0.000099
-0.1302 0.000099
-0.1299 0.000099
-0.1296 0.000099
-0.1293 0.000098
-0.129  0.000098
-0.1287 0.000098
-0.1284 0.000098
-0.1281 0.000097
-0.1278 0.000097
-0.1275 0.000097
-0.1272 0.000097
-0.1269 0.000097
-0.1266 0.000096
-0.1263 0.000096
-0.126  0.000096
-0.1257 0.000096
-0.1254 0.000095
-0.1251 0.000095
-0.1248 0.000095
-0.1245 0.000095
-0.1242 0.000095
-0.1239 0.000095
-0.1236 0.000094
-0.1233 0.000094
-0.123  0.000094
-0.1227 0.000094
-0.1224 0.000094
-0.1221 0.000094
-0.1218 0.000094
-0.1215 0.000094
-0.1212 0.000094
-0.1209 0.000094
-0.1206 0.000094
-0.1203 0.000094
-0.12   0.000094
-0.1197 0.000094
-0.1194 0.000093
-0.1191 0.000093
-0.1188 0.000093
-0.1185 0.000093
-0.1182 0.000093
-0.1179 0.000093
-0.1176 0.000093
-0.1173 0.000093
-0.117  0.000094
-0.1167 0.000094
-0.1164 0.000094
-0.1161 0.000094
-0.1158 0.000094
-0.1155 0.000094
-0.1152 0.000095
-0.1149 0.000095
-0.1146 0.000095
-0.1143 0.000095
-0.114  0.000095
-0.1137 0.000095
-0.1134 0.000095
-0.1131 0.000095
-0.1128 0.000095
-0.1125 0.000095
-0.1122 0.000095
-0.1119 0.000095
-0.1116 0.000095
-0.1113 0.000095
-0.111  0.000095
-0.1107 0.000096
-0.1104 0.000096
-0.1101 0.000096
-0.1098 0.000096
-0.1095 0.000096
-0.1092 0.000096
-0.1089 0.000096
-0.1086 0.000096
-0.1083 0.000096
-0.108  0.000095
-0.1077 0.000095
-0.1074 0.000095
-0.1071 0.000095
-0.1068 0.000095
-0.1065 0.000095
-0.1062 0.000095
-0.1059 0.000095
-0.1056 0.000095
-0.1053 0.000095
-0.105  0.000095
-0.1047 0.000095
-0.1044 0.000095
-0.1041 0.000095
-0.1038 0.000095
-0.1035 0.000095
-0.1032 0.000095
-0.1029 0.000095
-0.1026 0.000095
-0.1023 0.000095
-0.102  0.000095
-0.1017 0.000095
-0.1014 0.000095
-0.1011 0.000095
-0.1008 0.000095
-0.1005 0.000095
-0.1002 0.000094
-0.0999 0.000094
-0.0996 0.000094
-0.0993 0.000094
-0.099  0.000094
-0.0987 0.000093
-0.0984 0.000093
-0.0981 0.000093
-0.0978 0.000093
-0.0975 0.000092
-0.0972 0.000092
-0.0969 0.000092
-0.0966 0.000092
-0.0963 0.000091
-0.096  0.000091
-0.0957 0.000091
-0.0954 0.00009
-0.0951 0.00009
-0.0948 0.00009
-0.0945 0.00009
-0.0942 0.000089
-0.0939 0.000089
-0.0936 0.000089
-0.0933 0.000089
-0.093  0.000088
-0.0927 0.000088
-0.0924 0.000088
-0.0921 0.000088
-0.0918 0.000087
-0.0915 0.000087
-0.0912 0.000087
-0.0909 0.000086
-0.0906 0.000086
-0.0903 0.000086
-0.09   0.000085
-0.0897 0.000085
-0.0894 0.000085
-0.0891 0.000084
-0.0888 0.000084
-0.0885 0.000084
-0.0882 0.000084
-0.0879 0.000083
-0.0876 0.000083
-0.0873 0.000083
-0.087  0.000083
-0.0867 0.000083
-0.0864 0.000083
-0.0861 0.000083
-0.0858 0.000083
-0.0855 0.000083
-0.0852 0.000083
-0.0849 0.000083
-0.0846 0.000084
-0.0843 0.000084
-0.084  0.000084
-0.0837 0.000084
-0.0834 0.000084
-0.0831 0.000084
-0.0828 0.000084
-0.0825 0.000085
-0.0822 0.000085
-0.0819 0.000085
-0.0816 0.000085
-0.0813 0.000086
-0.081  0.000086
-0.0807 0.000086
-0.0804 0.000086
-0.0801 0.000086
-0.0798 0.000087
-0.0795 0.000087
-0.0792 0.000087
-0.0789 0.000087
-0.0786 0.000087
-0.0783 0.000088
-0.078  0.000088
-0.0777 0.000088
-0.0774 0.000088
-0.0771 0.000088
-0.0768 0.000089
-0.0765 0.000089
-0.0762 0.000089
-0.0759 0.000089
-0.0756 0.00009
-0.0753 0.00009
-0.075  0.00009
-0.0747 0.000091
-0.0744 0.000091
-0.0741 0.000091
-0.0738 0.000091
-0.0735 0.000092
-0.0732 0.000092
-0.0729 0.000092
-0.0726 0.000092
-0.0723 0.000092
-0.072  0.000092
-0.0717 0.000092
-0.0714 0.000092
-0.0711 0.000092
-0.0708 0.000092
-0.0705 0.000092
-0.0702 0.000092
-0.0699 0.000093
-0.0696 0.000093
-0.0693 0.000093
-0.069  0.000093
-0.0687 0.000093
-0.0684 0.000093
-0.0681 0.000094
-0.0678 0.000094
-0.0675 0.000094
-0.0672 0.000094
-0.0669 0.000094
-0.0666 0.000094
-0.0663 0.000094
-0.066  0.000095
-0.0657 0.000095
-0.0654 0.000095
-0.0651 0.000095
-0.0648 0.000095
-0.0645 0.000095
-0.0642 0.000095
-0.0639 0.000095
-0.0636 0.000095
-0.0633 0.000095
-0.063  0.000095
-0.0627 0.000095
-0.0624 0.000095
-0.0621 0.000095
-0.0618 0.000095
-0.0615 0.000096
-0.0612 0.000096
-0.0609 0.000096
-0.0606 0.000096
-0.0603 0.000096
-0.06   0.000096
-0.0597 0.000097
-0.0594 0.000097
-0.0591 0.000096
-0.0588 0.000096
-0.0585 0.000096
-0.0582 0.000096
-0.0579 0.000096
-0.0576 0.000095
-0.0573 0.000095
-0.057  0.000095
-0.0567 0.000095
-0.0564 0.000095
-0.0561 0.000094
-0.0558 0.000094
-0.0555 0.000094
-0.0552 0.000094
-0.0549 0.000093
-0.0546 0.000093
-0.0543 0.000093
-0.054  0.000092
-0.0537 0.000092
-0.0534 0.000092
-0.0531 0.000091
-0.0528 0.000091
-0.0525 0.000091
-0.0522 0.000091
-0.0519 0.00009
-0.0516 0.00009
-0.0513 0.00009
-0.051  0.00009
-0.0507 0.00009
-0.0504 0.00009
-0.0501 0.00009
-0.0498 0.00009
-0.0495 0.00009
-0.0492 0.00009
-0.0489 0.00009
-0.0486 0.00009
-0.0483 0.00009
-0.048  0.00009
-0.0477 0.00009
-0.0474 0.00009
-0.0471 0.00009
-0.0468 0.000091
-0.0465 0.000091
-0.0462 0.000091
-0.0459 0.000091
-0.0456 0.000092
-0.0453 0.000092
-0.045  0.000092
-0.0447 0.000092
-0.0444 0.000093
-0.0441 0.000093
-0.0438 0.000093
-0.0435 0.000093
-0.0432 0.000094
-0.0429 0.000094
-0.0426 0.000094
-0.0423 0.000095
-0.042  0.000095
-0.0417 0.000095
-0.0414 0.000096
-0.0411 0.000096
-0.0408 0.000096
-0.0405 0.000097
-0.0402 0.000097
-0.0399 0.000098
-0.0396 0.000098
-0.0393 0.000099
-0.039  0.000099
-0.0387 0.0001
-0.0384 0.0001
-0.0381 0.000101
-0.0378 0.000102
-0.0375 0.000103
-0.0372 0.000104
-0.0369 0.000104
-0.0366 0.000105
-0.0363 0.000106
-0.036  0.000107
-0.0357 0.000108
-0.0354 0.000109
-0.0351 0.00011
-0.0348 0.000111
-0.0345 0.000112
-0.0342 0.000113
-0.0339 0.000114
-0.0336 0.000115
-0.0333 0.000115
-0.033  0.000116
-0.0327 0.000117
-0.0324 0.000118
-0.0321 0.000119
-0.0318 0.00012
-0.0315 0.000121
-0.0312 0.000122
-0.0309 0.000123
-0.0306 0.000124
-0.0303 0.000125
-0.03   0.000126
-0.0297 0.000127
-0.0294 0.000129
-0.0291 0.00013
-0.0288 0.000131
-0.0285 0.000132
-0.0282 0.000133
-0.0279 0.000134
-0.0276 0.000135
-0.0273 0.000136
-0.027  0.000137
-0.0267 0.000138
-0.0264 0.000139
-0.0261 0.000139
-0.0258 0.00014
-0.0255 0.000141
-0.0252 0.000142
-0.0249 0.000143
-0.0246 0.000144
-0.0243 0.000145
-0.024  0.000146
-0.0237 0.000147
-0.0234 0.000148
-0.0231 0.000148
-0.0228 0.000149
-0.0225 0.00015
-0.0222 0.000151
-0.0219 0.000152
-0.0216 0.000153
-0.0213 0.000154
-0.021  0.000155
-0.0207 0.000156
-0.0204 0.000157
-0.0201 0.000157
-0.0198 0.000158
-0.0195 0.000159
-0.0192 0.00016
-0.0189 0.000161
-0.0186 0.000162
-0.0183 0.000163
-0.018  0.000164
-0.0177 0.000165
-0.0174 0.000166
-0.0171 0.000167
-0.0168 0.000168
-0.0165 0.000169
-0.0162 0.00017
-0.0159 0.000171
-0.0156 0.000172
-0.0153 0.000173
-0.015  0.000174
-0.0147 0.000175
-0.0144 0.000176
-0.0141 0.000177
-0.0138 0.000178
-0.0135 0.000179
-0.0132 0.00018
-0.0129 0.000181
-0.0126 0.000182
-0.0123 0.000183
-0.012  0.000184
-0.0117 0.000185
-0.0114 0.000186
-0.0111 0.000187
-0.0108 0.000187
-0.0105 0.000188
-0.0102 0.000189
-0.0099 0.00019
-0.0096 0.000191
-0.0093 0.000191
-0.009  0.000192
-0.0087 0.000193
-0.0084 0.000194
-0.0081 0.000195
-0.0078 0.000195
-0.0075 0.000196
-0.0072 0.000197
-0.0069 0.000197
-0.0066 0.000198
-0.0063 0.000198
-0.006  0.000199
-0.0057 0.000199
-0.0054 0.0002
-0.0051 0.0002
-0.0048 0.000201
-0.0045 0.000201
-0.0042 0.000202
-0.0039 0.000202
-0.0036 0.000203
-0.0033 0.000203
-0.003  0.000204
-0.0027 0.000204
-0.0024 0.000205
-0.0021 0.000205
-0.0018 0.000205
-0.0015 0.000206
-0.0012 0.000206
-0.0009 0.000207
-0.0006 0.000207
-0.0003 0.000207
0.0000010.000208
0.0003010.000208
0.0006010.000209
0.0009010.000209
0.0012010.00021
0.0015010.00021
0.0018010.00021
0.0021010.000211
0.0024010.000211
0.0027010.000212
0.0030010.000212
0.0033010.000212
0.0036010.000213
0.0039010.000213
0.0042010.000214
0.0045010.000214
0.0048010.000214
0.0051010.000215
0.0054010.000215
0.0057010.000216
0.0060010.000216
0.0063010.000217
0.0066010.000217
0.0069010.000217
0.0072010.000217
0.0075010.000218
0.0078010.000218
0.0081010.000218
0.0084010.000218
0.0087010.000218
0.0090010.000219
0.0093010.000219
0.0096010.000219
0.0099010.000219
0.0102010.000219
0.0105010.000219
0.0108010.000219
0.0111010.000219
0.0114010.000219
0.0117010.000219
0.0120010.000219
0.0123010.000219
0.0126010.000219
0.0129010.000219
0.0132010.000219
0.0135010.000219
0.0138010.000219
0.0141010.000218
0.0144010.000219
0.0147010.000219
0.0150010.000219
0.0153010.000219
0.0156010.000219
0.0159010.000219
0.0162010.000219
0.0165010.000219
0.0168010.000219
0.0171010.000219
0.0174010.000219
0.0177010.000219
0.0180010.000219
0.0183010.000219
0.0186010.000219
0.0189010.00022
0.0192010.00022
0.0195010.00022
0.0198010.00022
0.0201010.00022
0.0204010.000221
0.0207010.000221
0.0210010.000221
0.0213010.000221
0.0216010.000222
0.0219010.000222
0.0222010.000222
0.0225010.000223
0.0228010.000223
0.0231010.000223
0.0234010.000223
0.0237010.000223
0.0240010.000223
0.0243010.000223
0.0246010.000223
0.0249010.000223
0.0252010.000223
0.0255010.000223
0.0258010.000223
0.0261010.000223
0.0264010.000223
0.0267010.000223
0.0270010.000223
0.0273010.000223
0.0276010.000223
0.0279010.000223
0.0282010.000223
0.0285010.000222
0.0288010.000222
0.0291010.000222
0.0294010.000222
0.0297010.000221
0.0300010.000221
0.0303010.000221
0.0306010.000221
0.0309010.000221
0.0312010.000221
0.0315010.000221
0.0318010.000221
0.0321010.00022
0.0324010.00022
0.0327010.00022
0.0330010.00022
0.0333010.00022
0.0336010.00022
0.0339010.00022
0.0342010.00022
0.0345010.00022
0.0348010.000219
0.0351010.000219
0.0354010.000219
0.0357010.000219
0.0360010.000219
0.0363010.000219
0.0366010.000219
0.0369010.000219
0.0372010.000219
0.0375010.000219
0.0378010.000219
0.0381010.000219
0.0384010.000219
0.0387010.000219
0.0390010.000219
0.0393010.000219
0.0396010.000219
0.0399010.000219
0.0402010.000219
0.0405010.000219
0.0408010.000219
0.0411010.00022
0.0414010.00022
0.0417010.00022
0.0420010.00022
0.0423010.00022
0.0426010.00022
0.0429010.00022
0.0432010.00022
0.0435010.00022
0.0438010.00022
0.0441010.000219
0.0444010.000219
0.0447010.000219
0.0450010.000219
0.0453010.000218
0.0456010.000218
0.0459010.000218
0.0462010.000218
0.0465010.000217
0.0468010.000217
0.0471010.000217
0.0474010.000216
0.0477010.000216
0.0480010.000216
0.0483010.000215
0.0486010.000215
0.0489010.000215
0.0492010.000214
0.0495010.000214
0.0498010.000214
0.0501010.000213
0.0504010.000213
0.0507010.000212
0.0510010.000212
0.0513010.000212
0.0516010.000211
0.0519010.000211
0.0522010.00021
0.0525010.00021
0.0528010.000209
0.0531010.000209
0.0534010.000209
0.0537010.000209
0.0540010.000208
0.0543010.000208
0.0546010.000208
0.0549010.000208
0.0552010.000207
0.0555010.000207
0.0558010.000207
0.0561010.000207
0.0564010.000207
0.0567010.000207
0.0570010.000207
0.0573010.000206
0.0576010.000206
0.0579010.000206
0.0582010.000206
0.0585010.000206
0.0588010.000206
0.0591010.000206
0.0594010.000206
0.0597010.000206
0.0600010.000205
0.0603010.000205
0.0606010.000205
0.0609010.000205
0.0612010.000205
0.0615010.000205
0.0618010.000204
0.0621010.000204
0.0624010.000204
0.0627010.000204
0.0630010.000203
0.0633010.000203
0.0636010.000203
0.0639010.000202
0.0642010.000202
0.0645010.000201
0.0648010.000201
0.0651010.0002
0.0654010.0002
0.0657010.000199
0.0660010.000199
0.0663010.000199
0.0666010.000198
0.0669010.000198
0.0672010.000197
0.0675010.000197
0.0678010.000196
0.0681010.000196
0.0684010.000195
0.0687010.000195
0.0690010.000194
0.0693010.000194
0.0696010.000193
0.0699010.000192
0.0702010.000191
0.0705010.00019
0.0708010.000189
0.0711010.000188
0.0714010.000186
0.0717010.000185
0.0720010.000182
0.0723010.000179
0.0726010.000175
0.0729010.00017
0.0732010.000163
0.0735010.000156
0.0738010.000147
0.0741010.000138
0.0744010.000127
0.0747010.000115
0.0750010.000103
0.0753010.00009
0.0756010.000075
0.0759010.00006
0.0762010.000043
0.0765010.000026
0.0768010.000007
0.077101-0.000013
0.077401-0.000033
0.077701-0.000055
0.078001-0.000077
0.078301-0.0001
0.078601-0.000124
0.078901-0.00015
0.079201-0.000176
0.079501-0.000204
0.079801-0.000233
0.080101-0.000264
0.080401-0.000296
0.080701-0.00033
0.081001-0.000366
0.081301-0.000403
0.081601-0.000442
0.081901-0.000483
0.082201-0.000525
0.082501-0.000568
0.082801-0.000612
0.083101-0.000657
0.083401-0.000703
0.083701-0.000749
0.084001-0.000796
0.084301-0.000843
0.084601-0.000889
0.084901-0.000935
0.085201-0.000981
0.085501-0.001025
0.085801-0.001068
0.086101-0.00111
0.086401-0.001151
0.086701-0.00119
0.087001-0.001228
0.087301-0.001264
0.087601-0.001299
0.087901-0.001332
0.088201-0.001364
0.088501-0.001394
0.088801-0.001422
0.089101-0.001448
0.089401-0.001473
0.089701-0.001497
0.090001-0.00152
0.090301-0.001541
0.090601-0.001561
0.090901-0.001581
0.091201-0.0016
0.091501-0.001618
0.091801-0.001636
0.092101-0.001655
0.092401-0.001674
0.092701-0.001693
0.093001-0.001715
0.093301-0.001737
0.093601-0.001761
0.093901-0.001787
0.094201-0.001814
0.094501-0.001842
0.094801-0.001873
0.095101-0.001906
0.095401-0.00194
0.095701-0.001977
0.096001-0.002016
0.096301-0.002057
0.096601-0.0021
0.096901-0.002145
0.097201-0.002192
0.097501-0.00224
0.097801-0.002289
0.098101-0.00234
0.098401-0.002392
0.098701-0.002446
0.099001-0.0025
0.099301-0.002555
0.099601-0.002611
0.099901-0.002667
0.100201-0.002724
0.100501-0.002782
0.100801-0.00284
0.101101-0.002898
0.101401-0.002957
0.101701-0.003015
0.102001-0.003074
0.102301-0.003133
0.102601-0.003192
0.102901-0.003251
0.103201-0.003309
0.103501-0.003367
0.103801-0.003425
0.104101-0.003484
0.104401-0.003542
0.104701-0.0036
0.105001-0.00366
0.105301-0.00372
0.105601-0.003781
0.105901-0.003842
0.106201-0.003905
0.106501-0.00397
0.106801-0.004036
0.107101-0.004103
0.107401-0.004172
0.107701-0.004242
0.108001-0.004313
0.108301-0.004386
0.108601-0.00446
0.108901-0.004535
0.109201-0.00461
0.109501-0.004686
0.109801-0.004762
0.110101-0.004838
0.110401-0.004912
0.110701-0.004986
0.111001-0.005059
0.111301-0.00513
0.111601-0.005199
0.111901-0.005268
0.112201-0.005336
0.112501-0.005403
0.112801-0.005471
0.113101-0.00554
0.113401-0.005611
0.113701-0.005683
0.114001-0.005756
0.114301-0.005832
0.114601-0.005908
0.114901-0.005986
0.115201-0.006066
0.115501-0.006147
0.115801-0.00623
0.116101-0.006315
0.116401-0.006402
0.116701-0.00649
0.117001-0.00658
0.117301-0.006671
0.117601-0.006764
0.117901-0.006857
0.118201-0.006951
0.118501-0.007044
0.118801-0.007137
0.119101-0.007229
0.119401-0.007321
0.119701-0.007411
0.120001-0.007501
0.120301-0.007591
0.120601-0.007681
0.120901-0.007771
0.121201-0.007862
0.121501-0.007953
0.121801-0.008046
0.122101-0.00814
0.122401-0.008234
0.122701-0.00833
0.123001-0.008426
0.123301-0.008524
0.123601-0.008622
0.123901-0.008721
0.124201-0.00882
0.124501-0.008919
0.124801-0.009019
0.125101-0.009119
0.125401-0.00922
0.125701-0.00932
0.126001-0.00942
0.126301-0.009521
0.126601-0.009621
0.126901-0.009721
0.127201-0.009822
0.127501-0.009922
0.127801-0.010022
0.128101-0.010123
0.128401-0.010225
0.128701-0.010327
0.129001-0.01043
0.129301-0.010534
0.129601-0.010639
0.129901-0.010745
0.130201-0.010851
0.130501-0.010959
0.130801-0.011068
0.131101-0.011177
0.131401-0.011287
0.131701-0.011397
0.132001-0.011507
0.132301-0.011618
0.132601-0.011729
0.132901-0.011841
0.133201-0.011953
0.133501-0.012066
0.133801-0.012179
0.134101-0.012293
0.134401-0.012408
0.134701-0.012524
0.135001-0.01264
0.135301-0.012757
0.135601-0.012875
0.135901-0.012994
0.136201-0.013113
0.136501-0.013234
0.136801-0.013356
0.137101-0.013478
0.137401-0.013602
0.137701-0.013726
0.138001-0.013851
0.138301-0.013977
0.138601-0.014104
0.138901-0.014231
0.139201-0.014358
0.139501-0.014486
0.139801-0.014614
0.140101-0.014742
0.140401-0.014871
0.140701-0.015
0.141001-0.015129
0.141301-0.015259
0.141601-0.015389
0.141901-0.015519
0.142201-0.01565
0.142501-0.01578
0.142801-0.015911
0.143101-0.016042
0.143401-0.016173
0.143701-0.016304
0.144001-0.016436
0.144301-0.016568
0.144601-0.0167
0.144901-0.016833
0.145201-0.016966
0.145501-0.017099
0.145801-0.017233
0.146101-0.017367
0.146401-0.017502
0.146701-0.017637
0.147001-0.017772
0.147301-0.017908
0.147601-0.018044
0.147901-0.01818
0.148201-0.018317
0.148501-0.018454
0.148801-0.018591
0.149101-0.018729
0.149401-0.018867
0.149701-0.019006
0.150001-0.019146
0.150301-0.019286
0.150601-0.019426
0.150901-0.019567
0.151201-0.019709
0.151501-0.019852
0.151801-0.019995
0.152101-0.020139
0.152401-0.020283
0.152701-0.020428
0.153001-0.020573
0.153301-0.020718
0.153601-0.020864
0.153901-0.02101
0.154201-0.021156
0.154501-0.021303
0.154801-0.021451
0.155101-0.021599
0.155401-0.021747
0.155701-0.021895
0.156001-0.022043
0.156301-0.022191
0.156601-0.022339
0.156901-0.022487
0.157201-0.022635
0.157501-0.022784
0.157801-0.022932
0.158101-0.023081
0.158401-0.023228
0.158701-0.023375
0.159001-0.02352
0.159301-0.023664
0.159601-0.023808
0.159901-0.023952
0.160201-0.024097
0.160501-0.024244
0.160801-0.024392
0.161101-0.024543
0.161401-0.024694
0.161701-0.024845
0.162001-0.024995
0.162301-0.025144
0.162601-0.025291
0.162901-0.025438
0.163201-0.025584
0.163501-0.025732
0.163801-0.02588
0.164101-0.026029
0.164401-0.026178
0.164701-0.026328
0.165001-0.026479
0.165301-0.026629
0.165601-0.02678
0.165901-0.026931
0.166201-0.027081
0.166501-0.027232
0.166801-0.027382
0.167101-0.027531
0.167401-0.027681
0.167701-0.02783
0.168001-0.02798
0.168301-0.02813
0.168601-0.02828
0.168901-0.028431
0.169201-0.028583
0.169501-0.028736
0.169801-0.028889
0.170101-0.029043
0.170401-0.029199
0.170701-0.029356
0.171001-0.029516
0.171301-0.029678
0.171601-0.029843
0.171901-0.030011
0.172201-0.030183
0.172501-0.030358
0.172801-0.030537
0.173101-0.030719
0.173401-0.030905
0.173701-0.031094
0.174001-0.031287
0.174301-0.031482
0.174601-0.03168
0.174901-0.03188
0.175201-0.03208
0.175501-0.032282
0.175801-0.032485
0.176101-0.032687
0.176401-0.03289
0.176701-0.033091
0.177001-0.033291
0.177301-0.03349
0.177601-0.033692
0.177901-0.033895
0.178201-0.034098
0.178501-0.034302
0.178801-0.034506
0.179101-0.03471
0.179401-0.034916
0.179701-0.035121
0.180001-0.035326
0.180301-0.03553
0.180601-0.035731
0.180901-0.035929
0.181201-0.036123
0.181501-0.036311
0.181801-0.036492
0.182101-0.036666
0.182401-0.036831
0.182701-0.036987
0.183001-0.037135
0.183301-0.037273
0.183601-0.037402
0.183901-0.03752
0.184201-0.037629
0.184501-0.037725
0.184801-0.037809
0.185101-0.037878
0.185401-0.037934
0.185701-0.037975
0.186001-0.038003
0.186301-0.038017
0.186601-0.038018
0.186901-0.038007
0.187201-0.037984
0.187501-0.03795
0.187801-0.037906
0.188101-0.037855
0.188401-0.037798
0.188701-0.037737
0.189001-0.037674
0.189301-0.037612
0.189601-0.037549
0.189901-0.037488
0.190201-0.037429
0.190501-0.037374
0.190801-0.037322
0.191101-0.037274
0.191401-0.037232
0.191701-0.037195
0.192001-0.037165
0.192301-0.037141
0.192601-0.037125
0.192901-0.037115
0.193201-0.037114
0.193501-0.037119
0.193801-0.037132
0.194101-0.03715
0.194401-0.037174
0.194701-0.037202
0.195001-0.037233
0.195301-0.037266
0.195601-0.037299
0.195901-0.037333
0.196201-0.037365
0.196501-0.037396
0.196801-0.037425
0.197101-0.037452
0.197401-0.037478
0.197701-0.037501
0.198001-0.037523
0.198301-0.037541
0.198601-0.037557
0.198901-0.037568
0.199201-0.037573
0.199501-0.037572
0.199801-0.037563
0.200101-0.037547
0.200401-0.037523
0.200701-0.037493
0.201001-0.03746
0.201301-0.037426
0.201601-0.037395
0.201901-0.037367
0.202201-0.037344
0.202501-0.037327
0.202801-0.037315
0.203101-0.037308
0.203401-0.037306
0.203701-0.037309
0.204001-0.037317
0.204301-0.037331
0.204601-0.03735
0.204901-0.037373
0.205201-0.0374
0.205501-0.037428
0.205801-0.037456
0.206101-0.037482
0.206401-0.037505
0.206701-0.037523
0.207001-0.037536
0.207301-0.037544
0.207601-0.037549
0.207901-0.037551
0.208201-0.037552
0.208501-0.037552
0.208801-0.03755
0.209101-0.037547
0.209401-0.037542
0.209701-0.037536
0.210001-0.037529
0.210301-0.037521
0.210601-0.037514
0.210901-0.037509
0.211201-0.037506
0.211501-0.037506
0.211801-0.03751
0.212101-0.037518
0.212401-0.037528
0.212701-0.03754
0.213001-0.037554
0.213301-0.037568
0.213601-0.037582
0.213901-0.037596
0.214201-0.03761
0.214501-0.037624
0.214801-0.037638
0.215101-0.037652
0.215401-0.037666
0.215701-0.037679
0.216001-0.037691
0.216301-0.037702
0.216601-0.037712
0.216901-0.03772
0.217201-0.037726
0.217501-0.037731
0.217801-0.037735
0.218101-0.037739
0.218401-0.037742
0.218701-0.037744
0.219001-0.037746
0.219301-0.037746
0.219601-0.037744
0.219901-0.03774
0.220201-0.037735
0.220501-0.037729
0.220801-0.037724
0.221101-0.037719
0.221401-0.037716
0.221701-0.037715
0.222001-0.037716
0.222301-0.037718
0.222601-0.03772
0.222901-0.037722
0.223201-0.037724
0.223501-0.037727
0.223801-0.037729
0.224101-0.037732
0.224401-0.037735
0.224701-0.03774
0.225001-0.037745
0.225301-0.037749
0.225601-0.037754
0.225901-0.037758
0.226201-0.03776
0.226501-0.037761
0.226801-0.037761
0.227101-0.03776
0.227401-0.037757
0.227701-0.037754
0.228001-0.03775
0.228301-0.037745
0.228601-0.037741
0.228901-0.037736
0.229201-0.037731
0.229501-0.037725
0.229801-0.037719
0.230101-0.037713
0.230401-0.037707
0.230701-0.037701
0.231001-0.037695
0.231301-0.03769
0.231601-0.037686
0.231901-0.037683
0.232201-0.03768
0.232501-0.037677
0.232801-0.037673
0.233101-0.03767
0.233401-0.037666
0.233701-0.037661
0.234001-0.037658
0.234301-0.037655
0.234601-0.037653
0.234901-0.037651
0.235201-0.037651
0.235501-0.037651
0.235801-0.037651
0.236101-0.03765
0.236401-0.037649
0.236701-0.037645
0.237001-0.037638
0.237301-0.037627
0.237601-0.037613
0.237901-0.037593
0.238201-0.03757
0.238501-0.037542
0.238801-0.037508
0.239101-0.03747
0.239401-0.037427
0.239701-0.037379
0.240001-0.037326
0.240301-0.037269
0.240601-0.037208
0.240901-0.037142
0.241201-0.037072
0.241501-0.036997
0.241801-0.036919
0.242101-0.03684
0.242401-0.036759
0.242701-0.036678
0.243001-0.036598
0.243301-0.036519
0.243601-0.036442
0.243901-0.036367
0.244201-0.036295
0.244501-0.036227
0.244801-0.036164
0.245101-0.036107
0.245401-0.036059
0.245701-0.036018
0.246001-0.035986
0.246301-0.03596
0.246601-0.03594
0.246901-0.035924
0.247201-0.03591
0.247501-0.035899
0.247801-0.03589
0.248101-0.035884
0.248401-0.035881
0.248701-0.035883
0.249001-0.03589
0.249301-0.035903
0.249601-0.035921
0.249901-0.035943
0.250201-0.035968
0.250501-0.035996
0.250801-0.036025
0.251101-0.036057
0.251401-0.036089
0.251701-0.036121
0.252001-0.036153
0.252301-0.036185
0.252601-0.036215
0.252901-0.036243
0.253201-0.036271
0.253501-0.036297
0.253801-0.036322
0.254101-0.036345
0.254401-0.036367
0.254701-0.036387
0.255001-0.036405
0.255301-0.036422
0.255601-0.036437
0.255901-0.036451
0.256201-0.036463
0.256501-0.036474
0.256801-0.036482
0.257101-0.036489
0.257401-0.036492
0.257701-0.036493
0.258001-0.03649
0.258301-0.036485
0.258601-0.036478
0.258901-0.036469
0.259201-0.036459
0.259501-0.036447
0.259801-0.036436
0.260101-0.036425
0.260401-0.036415
0.260701-0.036405
0.261001-0.036396
0.261301-0.036389
0.261601-0.036382
0.261901-0.036377
0.262201-0.036372
0.262501-0.036368
0.262801-0.036364
0.263101-0.036361
0.263401-0.036359
0.263701-0.036357
0.264001-0.036355
0.264301-0.036354
0.264601-0.036353
0.264901-0.036353
0.265201-0.036352
0.265501-0.036352
0.265801-0.036351
0.266101-0.03635
0.266401-0.03635
0.266701-0.036349
0.267001-0.036349
0.267301-0.036349
0.267601-0.036349
0.267901-0.036349
0.268201-0.036349
0.268501-0.03635
0.268801-0.036351
0.269101-0.036352
0.269401-0.036353
0.269701-0.036354
0.270001-0.036355
0.270301-0.036357
0.270601-0.036358
0.270901-0.036358
0.271201-0.036359
0.271501-0.036359
0.271801-0.036358
0.272101-0.036357
0.272401-0.036356
0.272701-0.036354
0.273001-0.036351
0.273301-0.036348
0.273601-0.036344
0.273901-0.036339
0.274201-0.036335
0.274501-0.03633
0.274801-0.036325
0.275101-0.03632
0.275401-0.036315
0.275701-0.036309
0.276001-0.036303
0.276301-0.036297
0.276601-0.03629
0.276901-0.036283
0.277201-0.036276
0.277501-0.036269
0.277801-0.036262
0.278101-0.036255
0.278401-0.036248
0.278701-0.03624
0.279001-0.036232
0.279301-0.036225
0.279601-0.036217
0.279901-0.036209
0.280201-0.036202
0.280501-0.036196
0.280801-0.03619
0.281101-0.036184
0.281401-0.036179
0.281701-0.036175
0.282001-0.036172
0.282301-0.036169
0.282601-0.036167
0.282901-0.036167
0.283201-0.036167
0.283501-0.036168
0.283801-0.03617
0.284101-0.036173
0.284401-0.036176
0.284701-0.03618
0.285001-0.036184
0.285301-0.036189
0.285601-0.036193
0.285901-0.036198
0.286201-0.036202
0.286501-0.036206
0.286801-0.03621
0.287101-0.036213
0.287401-0.036217
0.287701-0.03622
0.288001-0.036223
0.288301-0.036225
0.288601-0.036228
0.288901-0.03623
0.289201-0.036233
0.289501-0.036235
0.289801-0.036238
0.290101-0.03624
0.290401-0.036242
0.290701-0.036244
0.291001-0.036246
0.291301-0.036248
0.291601-0.036249
0.291901-0.03625
0.292201-0.036251
0.292501-0.036251
0.292801-0.036252
0.293101-0.036252
0.293401-0.036252
0.293701-0.036252
0.294001-0.036252
0.294301-0.036251
0.294601-0.036251
0.294901-0.036251
0.295201-0.036251
0.295501-0.036251
0.295801-0.036251
0.296101-0.036251
0.296401-0.036252
0.296701-0.036252
0.297001-0.036252
0.297301-0.036253
0.297601-0.036254
0.297901-0.036255
0.298201-0.036256
0.298501-0.036257
0.298801-0.036257
0.299101-0.036258
0.299401-0.036259
0.299701-0.03626
0.300001-0.036261
0.300301-0.036262
0.300601-0.036263
0.300901-0.036265
0.301201-0.036266
0.301501-0.036267
0.301801-0.036269
0.302101-0.03627
0.302401-0.036272
0.302701-0.036274
0.303001-0.036276
0.303301-0.036278
0.303601-0.03628
0.303901-0.036282
0.304201-0.036284
0.304501-0.036286
0.304801-0.036288
0.305101-0.036289
0.305401-0.036291
0.305701-0.036292
0.306001-0.036294
0.306301-0.036295
0.306601-0.036296
0.306901-0.036297
0.307201-0.036298
0.307501-0.036299
0.307801-0.0363
0.308101-0.036301
0.308401-0.036302
0.308701-0.036303
0.309001-0.036304
0.309301-0.036305
0.309601-0.036306
0.309901-0.036307
0.310201-0.036308
0.310501-0.036308
0.310801-0.036309
0.311101-0.03631
0.311401-0.03631
0.311701-0.036311
0.312001-0.036311
0.312301-0.036312
0.312601-0.036313
0.312901-0.036313
0.313201-0.036314
0.313501-0.036315
0.313801-0.036315
0.314101-0.036316
0.314401-0.036317
0.314701-0.036317
0.315001-0.036318
0.315301-0.036319
0.315601-0.036319
0.315901-0.03632
0.316201-0.03632
0.316501-0.03632
0.316801-0.03632
0.317101-0.03632
0.317401-0.03632
0.317701-0.03632
0.318001-0.036319
0.318301-0.036319
0.318601-0.036318
0.318901-0.036317
0.319201-0.036316
0.319501-0.036315
0.319801-0.036314
0.320101-0.036313
0.320401-0.036312
0.320701-0.03631
0.321001-0.036309
0.321301-0.036308
0.321601-0.036307
0.321901-0.036306
0.322201-0.036305
0.322501-0.036304
0.322801-0.036303
0.323101-0.036302
0.323401-0.036301
0.323701-0.0363
0.324001-0.036299
0.324301-0.036299
0.324601-0.036298
0.324901-0.036298
0.325201-0.036298
0.325501-0.036297
0.325801-0.036297
0.326101-0.036296
0.326401-0.036296
0.326701-0.036296
0.327001-0.036295
0.327301-0.036295
0.327601-0.036294
0.327901-0.036293
0.328201-0.036293
0.328501-0.036292
0.328801-0.036291
0.329101-0.036291
0.329401-0.03629
0.329701-0.03629
0.330001-0.036289
0.330301-0.036289
0.330601-0.036288
0.330901-0.036288
0.331201-0.036288
0.331501-0.036288
0.331801-0.036289
0.332101-0.036289
0.332401-0.03629
0.332701-0.036291
0.333001-0.036291
0.333301-0.036292
0.333601-0.036293
0.333901-0.036294
0.334201-0.036296
0.334501-0.036297
0.334801-0.036298
0.335101-0.0363
0.335401-0.036302
0.335701-0.036303
0.336001-0.036305
0.336301-0.036307
0.336601-0.03631
0.336901-0.036312
0.337201-0.036314
0.337501-0.036316
0.337801-0.036319
0.338101-0.036321
0.338401-0.036323
0.338701-0.036324
0.339001-0.036326
0.339301-0.036328
0.339601-0.036329
0.339901-0.036331
0.340201-0.036332
0.340501-0.036333
0.340801-0.036334
0.341101-0.036335
0.341401-0.036335
0.341701-0.036336
0.342001-0.036336
0.342301-0.036336
0.342601-0.036336
0.342901-0.036336
0.343201-0.036336
0.343501-0.036335
0.343801-0.036335
0.344101-0.036334
0.344401-0.036334
0.344701-0.036333
0.345001-0.036332
0.345301-0.036331
0.345601-0.03633
0.345901-0.036329
0.346201-0.036328
0.346501-0.036327
0.346801-0.036326
0.347101-0.036325
0.347401-0.036324
0.347701-0.036324
0.348001-0.036323
0.348301-0.036322
0.348601-0.036321
0.348901-0.036321
0.349201-0.03632
0.349501-0.03632
0.349801-0.036319
0.350101-0.036319
0.350401-0.036318
0.350701-0.036318
0.351001-0.036318
0.351301-0.036318
0.351601-0.036317
0.351901-0.036317
0.352201-0.036317
0.352501-0.036316
0.352801-0.036316
0.353101-0.036316
0.353401-0.036316
0.353701-0.036316
0.354001-0.036316
0.354301-0.036316
0.354601-0.036316
0.354901-0.036317
0.355201-0.036317
0.355501-0.036317
0.355801-0.036318
0.356101-0.036318
0.356401-0.036319
0.356701-0.036319
0.357001-0.03632
0.357301-0.03632
0.357601-0.036321
0.357901-0.036322
0.358201-0.036323
0.358501-0.036323
0.358801-0.036324
0.359101-0.036325
0.359401-0.036326
0.359701-0.036326
0.360001-0.036327
0.360301-0.036327
0.360601-0.036328
0.360901-0.036328
0.361201-0.036329
0.361501-0.036329
0.361801-0.03633
0.362101-0.03633
0.362401-0.036331
0.362701-0.036331
0.363001-0.036332
0.363301-0.036333
0.363601-0.036334
0.363901-0.036335
0.364201-0.036336
0.364501-0.036337
0.364801-0.036338
0.365101-0.036339
0.365401-0.03634
0.365701-0.036341
0.366001-0.036342
0.366301-0.036343
0.366601-0.036344
0.366901-0.036345
0.367201-0.036347
0.367501-0.036348
0.367801-0.036349
0.368101-0.03635
0.368401-0.036351
0.368701-0.036352
0.369001-0.036353
0.369301-0.036354
0.369601-0.036355
0.369901-0.036356
0.370201-0.036357
0.370501-0.036358
0.370801-0.036359
0.371101-0.03636
0.371401-0.036361
0.371701-0.036361
0.372001-0.036362
0.372301-0.036362
0.372601-0.036362
0.372901-0.036362
0.373201-0.036362
0.373501-0.036362
0.373801-0.036362
0.374101-0.036362
0.374401-0.036362
0.374701-0.036362
0.375001-0.036362
0.375301-0.036362
0.375601-0.036362
0.375901-0.036362
0.376201-0.036362
0.376501-0.036361
0.376801-0.036361
0.377101-0.036361
0.377401-0.036361
0.377701-0.036361
0.378001-0.036361
0.378301-0.036362
0.378601-0.036362
0.378901-0.036362
0.379201-0.036362
0.379501-0.036362
0.379801-0.036362
0.380101-0.036362
0.380401-0.036362
0.380701-0.036362
0.381001-0.036362
0.381301-0.036362
0.381601-0.036362
0.381901-0.036362
0.382201-0.036362
0.382501-0.036362
0.382801-0.036362
0.383101-0.036362
0.383401-0.036362
0.383701-0.036362
0.384001-0.036362
0.384301-0.036362
0.384601-0.036362
0.384901-0.036361
0.385201-0.036361
0.385501-0.036361
0.385801-0.036361
0.386101-0.036361
0.386401-0.036361
0.386701-0.036361
0.387001-0.036361
0.387301-0.036361
0.387601-0.036361
0.387901-0.036361
0.388201-0.036362
0.388501-0.036362
0.388801-0.036362
0.389101-0.036363
0.389401-0.036363
0.389701-0.036363
0.390001-0.036364
0.390301-0.036364
0.390601-0.036365
0.390901-0.036365
0.391201-0.036366
0.391501-0.036366
0.391801-0.036366
0.392101-0.036366
0.392401-0.036366
0.392701-0.036366
0.393001-0.036366
0.393301-0.036366
0.393601-0.036366
0.393901-0.036366
0.394201-0.036366
0.394501-0.036366
0.394801-0.036366
0.395101-0.036366
0.395401-0.036366
0.395701-0.036366
0.396001-0.036365
0.396301-0.036365
0.396601-0.036365
0.396901-0.036365
0.397201-0.036365
0.397501-0.036365
0.397801-0.036365
0.398101-0.036365
0.398401-0.036365
0.398701-0.036366
0.399001-0.036366
0.399301-0.036366
0.399601-0.036367
0.399901-0.036367
0.400201-0.036368
0.400501-0.036368
0.400801-0.036369
0.401101-0.03637
0.401401-0.03637
0.401701-0.036371
0.402001-0.036372
0.402301-0.036372
0.402601-0.036373
0.402901-0.036374
0.403201-0.036374
0.403501-0.036375
0.403801-0.036376
0.404101-0.036376
0.404401-0.036377
0.404701-0.036378
0.405001-0.036379
0.405301-0.03638
0.405601-0.03638
0.405901-0.036381
0.406201-0.036382
0.406501-0.036383
0.406801-0.036385
0.407101-0.036386
0.407401-0.036387
0.407701-0.036388
0.408001-0.036389
0.408301-0.03639
0.408601-0.036391
0.408901-0.036393
0.409201-0.036394
0.409501-0.036396
0.409801-0.036397
0.410101-0.036399
0.410401-0.0364
0.410701-0.036402
0.411001-0.036404
0.411301-0.036405
0.411601-0.036407
0.411901-0.036409
0.412201-0.036411
0.412501-0.036413
0.412801-0.036414
0.413101-0.036416
0.413401-0.036418
0.413701-0.036419
0.414001-0.036421
0.414301-0.036422
0.414601-0.036424
0.414901-0.036425
0.415201-0.036426
0.415501-0.036428
0.415801-0.036429
0.416101-0.03643
0.416401-0.036431
0.416701-0.036433
0.417001-0.036434
0.417301-0.036435
0.417601-0.036436
0.417901-0.036437
0.418201-0.036438
0.418501-0.036439
0.418801-0.03644
0.419101-0.036441
0.419401-0.036442
0.419701-0.036443
0.420001-0.036444
0.420301-0.036445
0.420601-0.036446
0.420901-0.036446
0.421201-0.036447
0.421501-0.036448
0.421801-0.036448
0.422101-0.036449
0.422401-0.03645
0.422701-0.03645
0.423001-0.036451
0.423301-0.036451
0.423601-0.036451
0.423901-0.036452
0.424201-0.036452
0.424501-0.036453
0.424801-0.036453
0.425101-0.036453
0.425401-0.036454
0.425701-0.036454
0.426001-0.036454
0.426301-0.036455
0.426601-0.036455
0.426901-0.036455
0.427201-0.036456
0.427501-0.036456
0.427801-0.036456
0.428101-0.036456
0.428401-0.036457
0.428701-0.036457
0.429001-0.036457
0.429301-0.036457
0.429601-0.036457
0.429901-0.036457
0.430201-0.036457
0.430501-0.036458
0.430801-0.036458
0.431101-0.036458
0.431401-0.036459
0.431701-0.036459
0.432001-0.03646
0.432301-0.03646
0.432601-0.036461
0.432901-0.036461
0.433201-0.036462
0.433501-0.036462
0.433801-0.036463
0.434101-0.036463
0.434401-0.036463
0.434701-0.036464
0.435001-0.036465
0.435301-0.036465
0.435601-0.036466
0.435901-0.036467
0.436201-0.036467
0.436501-0.036468
0.436801-0.036469
0.437101-0.036469
0.437401-0.03647
0.437701-0.036471
0.438001-0.036471
0.438301-0.036472
0.438601-0.036472
0.438901-0.036473
0.439201-0.036474
0.439501-0.036474
0.439801-0.036475
0.440101-0.036476
0.440401-0.036476
0.440701-0.036477
0.441001-0.036478
0.441301-0.036478
0.441601-0.036479
0.441901-0.03648
0.442201-0.036481
0.442501-0.036481
0.442801-0.036482
0.443101-0.036483
0.443401-0.036484
0.443701-0.036485
0.444001-0.036486
0.444301-0.036486
0.444601-0.036487
0.444901-0.036488
0.445201-0.036489
0.445501-0.036489
0.445801-0.03649
0.446101-0.036491
0.446401-0.036492
0.446701-0.036492
0.447001-0.036493
0.447301-0.036493
0.447601-0.036494
0.447901-0.036494
0.448201-0.036495
0.448501-0.036495
0.448801-0.036496
0.449101-0.036496
0.449401-0.036497
0.449701-0.036497
0.450001-0.036498
0.450301-0.036498
0.450601-0.036499
0.450901-0.0365
0.451201-0.0365
0.451501-0.036501
0.451801-0.036502
0.452101-0.036502
0.452401-0.036503
0.452701-0.036503
0.453001-0.036504
0.453301-0.036505
0.453601-0.036505
0.453901-0.036506
0.454201-0.036507
0.454501-0.036507
0.454801-0.036508
0.455101-0.036508
0.455401-0.036509
0.455701-0.03651
0.456001-0.03651
0.456301-0.036511
0.456601-0.036512
0.456901-0.036512
0.457201-0.036513
0.457501-0.036514
0.457801-0.036514
0.458101-0.036515
0.458401-0.036516
0.458701-0.036516
0.459001-0.036517
0.459301-0.036518
0.459601-0.036519
0.459901-0.036519
0.460201-0.03652
0.460501-0.036521
0.460801-0.036522
0.461101-0.036523
0.461401-0.036524
0.461701-0.036525
0.462001-0.036526
0.462301-0.036527
0.462601-0.036527
0.462901-0.036528
0.463201-0.036529
0.463501-0.03653
0.463801-0.036531
0.464101-0.036532
0.464401-0.036533
0.464701-0.036534
0.465001-0.036535
0.465301-0.036536
0.465601-0.036536
0.465901-0.036537
0.466201-0.036538
0.466501-0.036539
0.466801-0.03654
0.467101-0.036541
0.467401-0.036542
0.467701-0.036543
0.468001-0.036543
0.468301-0.036544
0.468601-0.036545
0.468901-0.036546
0.469201-0.036546
0.469501-0.036547
0.469801-0.036548
0.470101-0.036548
0.470401-0.036548
0.470701-0.036549
0.471001-0.036549
0.471301-0.03655
0.471601-0.03655
0.471901-0.03655
0.472201-0.03655
0.472501-0.036551
0.472801-0.036551
0.473101-0.036551
0.473401-0.036551
0.473701-0.036551
0.474001-0.036551
0.474301-0.036551
0.474601-0.036551
0.474901-0.036551
0.475201-0.036551
0.475501-0.036551
0.475801-0.036551
0.476101-0.03655
0.476401-0.03655
0.476701-0.03655
0.477001-0.03655
0.477301-0.03655
0.477601-0.036549
0.477901-0.036549
0.478201-0.036549
0.478501-0.036549
0.478801-0.036548
0.479101-0.036548
0.479401-0.036548
0.479701-0.036548
0.480001-0.036547
0.480301-0.036547
0.480601-0.036547
0.480901-0.036546
0.481201-0.036546
0.481501-0.036545
0.481801-0.036545
0.482101-0.036544
0.482401-0.036543
0.482701-0.036542
0.483001-0.036542
0.483301-0.036541
0.483601-0.03654
0.483901-0.036539
0.484201-0.036538
0.484501-0.036537
0.484801-0.036536
0.485101-0.036534
0.485401-0.036533
0.485701-0.036532
0.486001-0.036531
0.486301-0.03653
0.486601-0.036528
0.486901-0.036527
0.487201-0.036526
0.487501-0.036524
0.487801-0.036523
0.488101-0.036521
0.488401-0.03652
0.488701-0.036518
0.489001-0.036517
0.489301-0.036515
0.489601-0.036513
0.489901-0.036512
0.490201-0.03651
0.490501-0.036508
0.490801-0.036506
0.491101-0.036505
0.491401-0.036503
0.491701-0.036501
0.492001-0.0365
0.492301-0.036498
0.492601-0.036496
0.492901-0.036494
0.493201-0.036492
0.493501-0.036491
0.493801-0.036489
0.494101-0.036487
0.494401-0.036484
0.494701-0.036482
0.495001-0.03648
0.495301-0.036478
0.495601-0.036476
0.495901-0.036474
0.496201-0.036472
0.496501-0.036469
0.496801-0.036467
0.497101-0.036465
0.497401-0.036462
0.497701-0.03646
0.498001-0.036458
0.498301-0.036456
0.498601-0.036453
0.498901-0.036451
0.499201-0.036449
0.499501-0.036447
0.499801-0.036444
0.500101-0.036442
0.500401-0.03644
0.500701-0.036438
0.501001-0.036435
0.501301-0.036433
0.501601-0.036431
0.501901-0.036429
0.502201-0.036427
0.502501-0.036425
0.502801-0.036423
0.503101-0.036421
0.503401-0.036419
0.503701-0.036418
0.504001-0.036416
0.504301-0.036414
0.504601-0.036413
0.504901-0.036412
0.505201-0.036411
0.505501-0.036409
0.505801-0.036408
0.506101-0.036407
0.506401-0.036406
0.506701-0.036405
0.507001-0.036404
0.507301-0.036403
0.507601-0.036402
0.507901-0.036401
0.508201-0.036401
0.508501-0.0364
0.508801-0.036399
0.509101-0.036399
0.509401-0.036398
0.509701-0.036398
0.510001-0.036398
0.510301-0.036397
0.510601-0.036397
0.510901-0.036397
0.511201-0.036396
0.511501-0.036396
0.511801-0.036395
0.512101-0.036395
0.512401-0.036394
0.512701-0.036394
0.513001-0.036393
0.513301-0.036392
0.513601-0.036392
0.513901-0.036391
0.514201-0.03639
0.514501-0.036389
0.514801-0.036389
0.515101-0.036388
0.515401-0.036387
0.515701-0.036386
0.516001-0.036385
0.516301-0.036384
0.516601-0.036383
0.516901-0.036382
0.517201-0.036381
0.517501-0.03638
0.517801-0.036379
0.518101-0.036378
0.518401-0.036378
0.518701-0.036377
0.519001-0.036376
0.519301-0.036375
0.519601-0.036375
0.519901-0.036374
0.520201-0.036373
0.520501-0.036373
0.520801-0.036372
0.521101-0.036372
0.521401-0.036371
0.521701-0.036371
0.522001-0.03637
0.522301-0.03637
0.522601-0.036369
0.522901-0.036369
0.523201-0.036368
0.523501-0.036368
0.523801-0.036367
0.524101-0.036366
0.524401-0.036366
0.524701-0.036365
0.525001-0.036364
0.525301-0.036364
0.525601-0.036363
0.525901-0.036363
0.526201-0.036362
0.526501-0.036362
0.526801-0.036361
0.527101-0.03636
0.527401-0.03636
0.527701-0.036359
0.528001-0.036359
0.528301-0.036358
0.528601-0.036358
0.528901-0.036357
0.529201-0.036357
0.529501-0.036357
0.529801-0.036356
0.530101-0.036356
0.530401-0.036356
0.530701-0.036355
0.531001-0.036355
0.531301-0.036355
0.531601-0.036354
0.531901-0.036354
0.532201-0.036354
0.532501-0.036354
0.532801-0.036354
0.533101-0.036353
0.533401-0.036353
0.533701-0.036353
0.534001-0.036353
0.534301-0.036353
0.534601-0.036352
0.534901-0.036352
0.535201-0.036352
0.535501-0.036351
0.535801-0.036351
0.536101-0.036351
0.536401-0.03635
0.536701-0.03635
0.537001-0.03635
0.537301-0.036349
0.537601-0.036349
0.537901-0.036349
0.538201-0.036348
0.538501-0.036348
0.538801-0.036347
0.539101-0.036347
0.539401-0.036347
0.539701-0.036346
0.540001-0.036346
0.540301-0.036346
0.540601-0.036345
0.540901-0.036345
0.541201-0.036345
0.541501-0.036344
0.541801-0.036344
0.542101-0.036344
0.542401-0.036344
0.542701-0.036343
0.543001-0.036343
0.543301-0.036343
0.543601-0.036342
0.543901-0.036342
0.544201-0.036342
0.544501-0.036341
0.544801-0.036341
0.545101-0.03634
0.545401-0.03634
0.545701-0.036339
0.546001-0.036338
0.546301-0.036338
0.546601-0.036337
0.546901-0.036337
0.547201-0.036336
0.547501-0.036335
0.547801-0.036335
0.548101-0.036334
0.548401-0.036334
0.548701-0.036333
0.549001-0.036333
0.549301-0.036332
0.549601-0.036331
0.549901-0.036331
0.550201-0.03633
0.550501-0.03633
0.550801-0.036329
0.551101-0.036328
0.551401-0.036328
0.551701-0.036327
0.552001-0.036326
0.552301-0.036325
0.552601-0.036324
0.552901-0.036323
0.553201-0.036322
0.553501-0.036321
0.553801-0.03632
0.554101-0.036319
0.554401-0.036318
0.554701-0.036317
0.555001-0.036316
0.555301-0.036315
0.555601-0.036314
0.555901-0.036313
0.556201-0.036312
0.556501-0.036311
0.556801-0.036309
0.557101-0.036308
0.557401-0.036307
0.557701-0.036305
0.558001-0.036304
0.558301-0.036302
0.558601-0.036301
0.558901-0.036299
0.559201-0.036298
0.559501-0.036296
0.559801-0.036295
0.560101-0.036293
0.560401-0.036292
0.560701-0.03629
0.561001-0.036289
0.561301-0.036287
0.561601-0.036286
0.561901-0.036285
0.562201-0.036284
0.562501-0.036283
0.562801-0.036283
0.563101-0.036282
0.563401-0.036282
0.563701-0.036281
0.564001-0.036281
0.564301-0.036281
0.564601-0.03628
0.564901-0.03628
0.565201-0.03628
0.565501-0.036279
0.565801-0.036279
0.566101-0.036278
0.566401-0.036278
0.566701-0.036278
0.567001-0.036277
0.567301-0.036277
0.567601-0.036276
0.567901-0.036276
0.568201-0.036275
0.568501-0.036274
0.568801-0.036273
0.569101-0.036272
0.569401-0.036271
0.569701-0.03627
0.570001-0.036268
0.570301-0.036267
0.570601-0.036266
0.570901-0.036264
0.571201-0.036262
0.571501-0.036261
0.571801-0.036259
0.572101-0.036257
0.572401-0.036254
0.572701-0.036252
0.573001-0.03625
0.573301-0.036248
0.573601-0.036245
0.573901-0.036242
0.574201-0.036239
0.574501-0.036237
0.574801-0.036233
0.575101-0.03623
0.575401-0.036227
0.575701-0.036223
0.576001-0.036219
0.576301-0.036215
0.576601-0.036211
0.576901-0.036207
0.577201-0.036203
0.577501-0.036199
0.577801-0.036194
0.578101-0.03619
0.578401-0.036185
0.578701-0.03618
0.579001-0.036175
0.579301-0.03617
0.579601-0.036165
0.579901-0.036159
0.580201-0.036154
0.580501-0.036148
0.580801-0.036142
0.581101-0.036135
0.581401-0.036129
0.581701-0.036123
0.582001-0.036116
0.582301-0.036109
0.582601-0.036102
0.582901-0.036095
0.583201-0.036087
0.583501-0.03608
0.583801-0.036072
0.584101-0.036064
0.584401-0.036055
0.584701-0.036047
0.585001-0.036038
0.585301-0.03603
0.585601-0.03602
0.585901-0.036011
0.586201-0.036002
0.586501-0.035992
0.586801-0.035982
0.587101-0.035972
0.587401-0.035961
0.587701-0.03595
0.588001-0.035939
0.588301-0.035928
0.588601-0.035917
0.588901-0.035905
0.589201-0.035893
0.589501-0.035881
0.589801-0.035869
0.590101-0.035856
0.590401-0.035844
0.590701-0.035831
0.591001-0.035818
0.591301-0.035804
0.591601-0.035791
0.591901-0.035777
0.592201-0.035763
0.592501-0.035749
0.592801-0.035735
0.593101-0.03572
0.593401-0.035705
0.593701-0.03569
0.594001-0.035675
0.594301-0.035659
0.594601-0.035644
0.594901-0.035628
0.595201-0.035612
0.595501-0.035596
0.595801-0.035579
0.596101-0.035563
0.596401-0.035546
0.596701-0.035529
0.597001-0.035512
0.597301-0.035495
0.597601-0.035477
0.597901-0.03546
0.598201-0.035442
0.598501-0.035424
0.598801-0.035405
0.599101-0.035387
0.599401-0.035368
0.599701-0.035349
0.600001-0.035329
0.600301-0.03531
0.600601-0.03529
0.600901-0.035269
0.601201-0.035249
0.601501-0.035228
0.601801-0.035207
0.602101-0.035186
0.602401-0.035164
0.602701-0.035142
0.603001-0.03512
0.603301-0.035097
0.603601-0.035074
0.603901-0.03505
0.604201-0.035027
0.604501-0.035002
0.604801-0.034978
0.605101-0.034953
0.605401-0.034927
0.605701-0.034901
0.606001-0.034875
0.606301-0.034848
0.606601-0.034821
0.606901-0.034793
0.607201-0.034765
0.607501-0.034736
0.607801-0.034707
0.608101-0.034677
0.608401-0.034647
0.608701-0.034616
0.609001-0.034585
0.609301-0.034553
0.609601-0.03452
0.609901-0.034487
0.610201-0.034454
0.610501-0.03442
0.610801-0.034385
0.611101-0.034349
0.611401-0.034313
0.611701-0.034277
0.612001-0.034239
0.612301-0.034201
0.612601-0.034162
0.612901-0.034123
0.613201-0.034083
0.613501-0.034042
0.613801-0.034
0.614101-0.033958
0.614401-0.033915
0.614701-0.033872
0.615001-0.033828
0.615301-0.033783
0.615601-0.033737
0.615901-0.033691
0.616201-0.033644
0.616501-0.033596
0.616801-0.033548
0.617101-0.033499
0.617401-0.033449
0.617701-0.033398
0.618001-0.033347
0.618301-0.033295
0.618601-0.033242
0.618901-0.033188
0.619201-0.033134
0.619501-0.033079
0.619801-0.033024
0.620101-0.032967
0.620401-0.03291
0.620701-0.032853
0.621001-0.032794
0.621301-0.032735
0.621601-0.032676
0.621901-0.032615
0.622201-0.032555
0.622501-0.032493
0.622801-0.032431
0.623101-0.032368
0.623401-0.032304
0.623701-0.03224
0.624001-0.032176
0.624301-0.03211
0.624601-0.032045
0.624901-0.031979
0.625201-0.031912
0.625501-0.031846
0.625801-0.031779
0.626101-0.031711
0.626401-0.031643
0.626701-0.031575
0.627001-0.031506
0.627301-0.031437
0.627601-0.031368
0.627901-0.031298
0.628201-0.031227
0.628501-0.031157
0.628801-0.031085
0.629101-0.031014
0.629401-0.030941
0.629701-0.030868
0.630001-0.030795
0.630301-0.030721
0.630601-0.030646
0.630901-0.03057
0.631201-0.030494
0.631501-0.030418
0.631801-0.03034
0.632101-0.030262
0.632401-0.030184
0.632701-0.030104
0.633001-0.030024
0.633301-0.029944
0.633601-0.029863
0.633901-0.029781
0.634201-0.029698
0.634501-0.029616
0.634801-0.029533
0.635101-0.02945
0.635401-0.029366
0.635701-0.029284
0.636001-0.029201
0.636301-0.029119
0.636601-0.029037
0.636901-0.028955
0.637201-0.028873
0.637501-0.028792
0.637801-0.02871
0.638101-0.028628
0.638401-0.028546
0.638701-0.028463
0.639001-0.02838
0.639301-0.028296
0.639601-0.028212
0.639901-0.028126
0.640201-0.02804
0.640501-0.027952
0.640801-0.027864
0.641101-0.027775
0.641401-0.027685
0.641701-0.027595
0.642001-0.027504
0.642301-0.027412
0.642601-0.02732
0.642901-0.027226
0.643201-0.027132
0.643501-0.027036
0.643801-0.02694
0.644101-0.026842
0.644401-0.026743
0.644701-0.026642
0.645001-0.02654
0.645301-0.026437
0.645601-0.026332
0.645901-0.026225
0.646201-0.026117
0.646501-0.026008
0.646801-0.025896
0.647101-0.025783
0.647401-0.025668
0.647701-0.025551
0.648001-0.025433
0.648301-0.025312
0.648601-0.02519
0.648901-0.025066
0.649201-0.024941
0.649501-0.024814
0.649801-0.024686
0.650101-0.024557
0.650401-0.024426
0.650701-0.024294
0.651001-0.024162
0.651301-0.024028
0.651601-0.023894
0.651901-0.023758
0.652201-0.023622
0.652501-0.023485
0.652801-0.023346
0.653101-0.023207
0.653401-0.023066
0.653701-0.022924
0.654001-0.02278
0.654301-0.022634
0.654601-0.022487
0.654901-0.022339
0.655201-0.022189
0.655501-0.022038
0.655801-0.021886
0.656101-0.021733
0.656401-0.021579
0.656701-0.021424
0.657001-0.021269
0.657301-0.021113
0.657601-0.020957
0.657901-0.020801
0.658201-0.020644
0.658501-0.020488
0.658801-0.020331
0.659101-0.020174
0.659401-0.020017
0.659701-0.01986
0.660001-0.019703
0.660301-0.019546
0.660601-0.019389
0.660901-0.019231
0.661201-0.019074
0.661501-0.018917
0.661801-0.018761
0.662101-0.018606
0.662401-0.018454
0.662701-0.018302
0.663001-0.018149
0.663301-0.017995
0.663601-0.017838
0.663901-0.017678
0.664201-0.017516
0.664501-0.017352
0.664801-0.017187
0.665101-0.017022
0.665401-0.016857
0.665701-0.016692
0.666001-0.016527
0.666301-0.016362
0.666601-0.016198
0.666901-0.016035
0.667201-0.015872
0.667501-0.015709
0.667801-0.015545
0.668101-0.015381
0.668401-0.015216
0.668701-0.015049
0.669001-0.014883
0.669301-0.014716
0.669601-0.014549
0.669901-0.014384
0.670201-0.014219
0.670501-0.014055
0.670801-0.013893
0.671101-0.013731
0.671401-0.013572
0.671701-0.013413
0.672001-0.013257
0.672301-0.013102
0.672601-0.012949
0.672901-0.012798
0.673201-0.012649
0.673501-0.012501
0.673801-0.012355
0.674101-0.012212
0.674401-0.01207
0.674701-0.01193
0.675001-0.011792
0.675301-0.011654
0.675601-0.011518
0.675901-0.011384
0.676201-0.01125
0.676501-0.011118
0.676801-0.010988
0.677101-0.010859
0.677401-0.010731
0.677701-0.010604
0.678001-0.010478
0.678301-0.010353
0.678601-0.010228
0.678901-0.010103
0.679201-0.009979
0.679501-0.009854
0.679801-0.009728
0.680101-0.009603
0.680401-0.009476
0.680701-0.009349
0.681001-0.009222
0.681301-0.009094
0.681601-0.008966
0.681901-0.008838
0.682201-0.00871
0.682501-0.008583
0.682801-0.008456
0.683101-0.008328
0.683401-0.008201
0.683701-0.008073
0.684001-0.007945
0.684301-0.007817
0.684601-0.007689
0.684901-0.007559
0.6852  -0.007429
0.6855  -0.007299
0.6858  -0.007167
0.6861  -0.007036
0.6864  -0.006904
0.6867  -0.006771
0.687   -0.006638
0.6873  -0.006504
0.6876  -0.00637
0.6879  -0.006236
0.6882  -0.0061
0.6885  -0.005965
0.6888  -0.005828
0.6891  -0.005691
0.6894  -0.005553
0.6897  -0.005414
0.69    -0.005275
0.6903  -0.005134
0.6906  -0.004993
0.6909  -0.004852
0.6912  -0.004709
0.6915  -0.004566
0.6918  -0.004422
0.6921  -0.004277
0.6924  -0.004131
0.6927  -0.003985
0.693   -0.003837
0.6933  -0.003689
0.6936  -0.00354
0.6939  -0.00339
0.6942  -0.00324
0.6945  -0.003089
0.6948  -0.002937
0.6951  -0.002784
0.6954  -0.002631
0.6957  -0.002477
0.696   -0.002322
0.6963  -0.002166
0.6966  -0.002009
0.6969  -0.001851
0.6972  -0.001692
0.6975  -0.001532
0.6978  -0.001371
0.6981  -0.00121
0.6984  -0.001047
0.6987  -0.000884
0.699   -0.000719
0.6993  -0.000555
0.6996  -0.00039
0.6999  -0.000225
0.7002  -0.000063
0.7005  0.000092
0.7008  0.000231
0.7011  0.000348
0.7014  0.000437
0.7017  0.000497
0.702   0.000528
0.7023  0.000534
0.7026  0.000519
0.7029  0.000491
0.7032  0.000454
0.7035  0.000415
0.7038  0.000374
0.7041  0.000334
0.7044  0.000294
0.7047  0.000254
0.705   0.000212
0.7053  0.000168
0.7056  0.00012
0.7059  0.00007
0.7062  0.000019
0.7065  -0.000032
0.7068  -0.00008
0.7071  -0.000125
0.7074  -0.000166
0.7077  -0.000203
0.708   -0.000238
0.7083  -0.00027
0.7086  -0.0003
0.7089  -0.000327
0.7092  -0.00035
0.7095  -0.000371
0.7098  -0.00039
0.7101  -0.000407
0.7104  -0.000424
0.7107  -0.00044
0.711   -0.000456
0.7113  -0.000472
0.7116  -0.000488
0.7119  -0.000506
0.7122  -0.000526
0.7125  -0.000549
0.7128  -0.000574
0.7131  -0.000594
0.7134  -0.000604
0.7137  -0.000596
0.714   -0.000566
0.7143  -0.000517
0.7146  -0.000456
0.7149  -0.000391
0.7152  -0.000329
0.7155  -0.000275
0.7158  -0.000228
0.7161  -0.00019
0.7164  -0.000157
0.7167  -0.000128
0.717   -0.000103
0.7173  -0.000079
0.7176  -0.000058
0.7179  -0.000037
0.7182  -0.000016
0.7185  0.000009
0.7188  0.000035
0.7191  0.000064
0.7194  0.000093
0.7197  0.00012
0.72    0.000141
0.7203  0.000154
0.7206  0.000159
0.7209  0.000158
0.7212  0.000152
0.7215  0.000142
0.7218  0.000131
0.7221  0.00012
0.7224  0.000111
0.7227  0.000104
0.723   0.0001
0.7233  0.000098
0.7236  0.000097
0.7239  0.000097
0.7242  0.000097
0.7245  0.000096
0.7248  0.000096
0.7251  0.000096
0.7254  0.000096
0.7257  0.000095
0.726   0.000093
0.7263  0.000091
0.7266  0.000088
0.7269  0.000087
0.7272  0.000087
0.7275  0.00009
0.7278  0.000094
0.7281  0.000098
0.7284  0.000101
0.7287  0.000103
0.729   0.000104
0.7293  0.000104
0.7296  0.000104
0.7299  0.000104
0.7302  0.000104
0.7305  0.000103
0.7308  0.000099
0.7311  0.000093
0.7314  0.000085
0.7317  0.000075
0.732   0.000063
0.7323  0.000049
0.7326  0.000034
0.7329  0.000019
0.7332  0.000003
0.7335  -0.000014
0.7338  -0.00003
0.7341  -0.000046
0.7344  -0.000063
0.7347  -0.000081
0.735   -0.000102
0.7353  -0.000124
0.7356  -0.000147
0.7359  -0.000171
0.7362  -0.000196
0.7365  -0.00022
0.7368  -0.000245
0.7371  -0.000269
0.7374  -0.000293
0.7377  -0.000316
0.738   -0.000337
0.7383  -0.000357
0.7386  -0.000376
0.7389  -0.000392
0.7392  -0.000407
0.7395  -0.000422
0.7398  -0.000436
0.7401  -0.000451
0.7404  -0.000465
0.7407  -0.000479
0.741   -0.000493
0.7413  -0.000505
0.7416  -0.000517
0.7419  -0.000526
0.7422  -0.000535
0.7425  -0.000541
0.7428  -0.000544
0.7431  -0.000546
0.7434  -0.000545
0.7437  -0.000542
0.744   -0.000537
0.7443  -0.000532
0.7446  -0.000527
0.7449  -0.000521
0.7452  -0.000514
0.7455  -0.000507
0.7458  -0.0005
0.7461  -0.000492
0.7464  -0.000483
0.7467  -0.000473
0.747   -0.000461
0.7473  -0.000448
0.7476  -0.000435
0.7479  -0.000421
0.7482  -0.000407
0.7485  -0.000393
0.7488  -0.000381
0.7491  -0.00037
0.7494  -0.000361
0.7497  -0.000353
0.75    -0.000347
0.7503  -0.000341
0.7506  -0.000336
0.7509  -0.000331
0.7512  -0.000327
0.7515  -0.000322
0.7518  -0.000318
0.7521  -0.000315
0.7524  -0.000312
0.7527  -0.00031
0.753   -0.000311
0.7533  -0.000313
0.7536  -0.000316
0.7539  -0.00032
0.7542  -0.000325
0.7545  -0.000331
0.7548  -0.000336
0.7551  -0.000341
0.7554  -0.000345
0.7557  -0.000348
0.756   -0.00035
0.7563  -0.000351
0.7566  -0.000352
0.7569  -0.000352
0.7572  -0.000352
0.7575  -0.000351
0.7578  -0.000351
0.7581  -0.000351
0.7584  -0.00035
0.7587  -0.000349
0.759   -0.000347
0.7593  -0.000345
0.7596  -0.000341
0.7599  -0.000336
0.7602  -0.00033
0.7605  -0.000323
0.7608  -0.000316
0.7611  -0.000309
0.7614  -0.000302
0.7617  -0.000295
0.762   -0.00029
0.7623  -0.000285
0.7626  -0.000281
0.7629  -0.000278
0.7632  -0.000276
0.7635  -0.000274
0.7638  -0.000272
0.7641  -0.000271
0.7644  -0.000269
0.7647  -0.000268
0.765   -0.000267
0.7653  -0.000267
0.7656  -0.000267
0.7659  -0.000269
0.7662  -0.000272
0.7665  -0.000277
0.7668  -0.000282
0.7671  -0.000288
0.7674  -0.000295
0.7677  -0.000301
0.768   -0.000307
0.7683  -0.000313
0.7686  -0.000318
0.7689  -0.000322
0.7692  -0.000326
0.7695  -0.00033
0.7698  -0.000333
0.7701  -0.000337
0.7704  -0.00034
0.7707  -0.000344
0.771   -0.000348
0.7713  -0.000352
0.7716  -0.000356
0.7719  -0.00036
0.7722  -0.000362
0.7725  -0.000365
0.7728  -0.000366
0.7731  -0.000366
0.7734  -0.000366
0.7737  -0.000364
0.774   -0.000363
0.7743  -0.000361
0.7746  -0.000359
0.7749  -0.000358
0.7752  -0.000356
0.7755  -0.000356
0.7758  -0.000355
0.7761  -0.000355
0.7764  -0.000355
0.7767  -0.000354
0.777   -0.000353
0.7773  -0.000352
0.7776  -0.00035
0.7779  -0.000349
0.7782  -0.000347
0.7785  -0.000345
0.7788  -0.000344
0.7791  -0.000344
0.7794  -0.000344
0.7797  -0.000345
0.78    -0.000347
0.7803  -0.000349
0.7806  -0.000351
0.7809  -0.000353
0.7812  -0.000356
0.7815  -0.000358
0.7818  -0.000359
0.7821  -0.000361
0.7824  -0.000361
0.7827  -0.000362
0.783   -0.000363
0.7833  -0.000364
0.7836  -0.000365
0.7839  -0.000366
0.7842  -0.000368
0.7845  -0.000369
0.7848  -0.00037
0.7851  -0.000371
0.7854  -0.000371
0.7857  -0.000371
0.786   -0.00037
0.7863  -0.000369
0.7866  -0.000366
0.7869  -0.000364
0.7872  -0.000361
0.7875  -0.000358
0.7878  -0.000355
0.7881  -0.000352
0.7884  -0.00035
0.7887  -0.000347
0.789   -0.000344
0.7893  -0.000341
0.7896  -0.000339
0.7899  -0.000335
0.7902  -0.000332
0.7905  -0.000328
0.7908  -0.000325
0.7911  -0.000321
0.7914  -0.000317
0.7917  -0.000314
0.792   -0.00031
0.7923  -0.000307
0.7926  -0.000304
0.7929  -0.000302
0.7932  -0.0003
0.7935  -0.000298
0.7938  -0.000296
0.7941  -0.000294
0.7944  -0.000292
0.7947  -0.00029
0.795   -0.000288
0.7953  -0.000286
0.7956  -0.000284
0.7959  -0.000283
0.7962  -0.000281
0.7965  -0.00028
0.7968  -0.000279
0.7971  -0.000279
0.7974  -0.000278
0.7977  -0.000278
0.798   -0.000278
0.7983  -0.000278
0.7986  -0.000277
0.7989  -0.000277
0.7992  -0.000277
0.7995  -0.000276
0.7998  -0.000276
0.8001  -0.000276
0.8004  -0.000275
0.8007  -0.000275
0.801   -0.000275
0.8013  -0.000275
0.8016  -0.000275
0.8019  -0.000275
0.8022  -0.000275
0.8025  -0.000275
0.8028  -0.000275
0.8031  -0.000275
0.8034  -0.000274
0.8037  -0.000274
0.804   -0.000273
0.8043  -0.000273
0.8046  -0.000272
0.8049  -0.000272
0.8052  -0.000272
0.8055  -0.000272
0.8058  -0.000272
0.8061  -0.000272
0.8064  -0.000272
0.8067  -0.000272
0.807   -0.000273
0.8073  -0.000273
0.8076  -0.000273
0.8079  -0.000274
0.8082  -0.000274
0.8085  -0.000274
0.8088  -0.000274
0.8091  -0.000275
0.8094  -0.000275
0.8097  -0.000275
0.81    -0.000276
0.8103  -0.000276
0.8106  -0.000277
0.8109  -0.000277
0.8112  -0.000278
0.8115  -0.000278
0.8118  -0.000278
0.8121  -0.000279
0.8124  -0.000279
0.8127  -0.000279
0.813   -0.000278
0.8133  -0.000278
0.8136  -0.000277
0.8139  -0.000275
0.8142  -0.000272
0.8145  -0.000268
0.8148  -0.000262
0.8151  -0.000255
0.8154  -0.000245
0.8157  -0.000234
0.816   -0.00022
0.8163  -0.000203
0.8166  -0.000185
0.8169  -0.000166
0.8172  -0.000147
0.8175  -0.000128
0.8178  -0.000111
0.8181  -0.000095
0.8184  -0.000082
0.8187  -0.000071
0.819   -0.000061
0.8193  -0.000052
0.8196  -0.000043
0.8199  -0.000035
0.8202  -0.000027
0.8205  -0.000021
0.8208  -0.000016
0.8211  -0.000012
0.8214  -0.00001
0.8217  -0.00001
0.822   -0.000011
0.8223  -0.000013
0.8226  -0.000016
0.8229  -0.000019
0.8232  -0.000022
0.8235  -0.000025
0.8238  -0.000027
0.8241  -0.000029
0.8244  -0.000031
0.8247  -0.000032
0.825   -0.000032
0.8253  -0.000032
0.8256  -0.000031
0.8259  -0.000029
0.8262  -0.000025
0.8265  -0.000021
0.8268  -0.000016
0.8271  -0.000011
0.8274  -0.000005
0.8277  0.000002
0.828   0.000009
0.8283  0.000016
0.8286  0.000023
0.8289  0.000031
0.8292  0.000041
0.8295  0.000051
0.8298  0.000061
0.8301  0.000072
0.8304  0.000082
0.8307  0.00009
0.831   0.000097
0.8313  0.000103
0.8316  0.000108
0.8319  0.000111
0.8322  0.000112
0.8325  0.000113
0.8328  0.000113
0.8331  0.000112
0.8334  0.000111
0.8337  0.00011
0.834   0.000109
0.8343  0.000107
0.8346  0.000105
0.8349  0.000101
0.8352  0.000098
0.8355  0.000095
0.8358  0.000092
0.8361  0.000091
0.8364  0.000091
0.8367  0.000091
0.837   0.000092
0.8373  0.000092
0.8376  0.000093
0.8379  0.000093
0.8382  0.000094
0.8385  0.000094
0.8388  0.000094
0.8391  0.000094
0.8394  0.000094
0.8397  0.000094
0.84    0.000094
0.8403  0.000092
0.8406  0.000091
0.8409  0.000088
0.8412  0.000084
0.8415  0.00008
0.8418  0.000075
0.8421  0.00007
0.8424  0.000065
0.8427  0.000059
0.843   0.000054
0.8433  0.000049
0.8436  0.000045
0.8439  0.000041
0.8442  0.000037
0.8445  0.000035
0.8448  0.000032
0.8451  0.000031
0.8454  0.000029
0.8457  0.000028
0.846   0.000027
0.8463  0.000026
0.8466  0.000025
0.8469  0.000025
0.8472  0.000024
0.8475  0.000023
0.8478  0.000021
0.8481  0.000019
0.8484  0.000017
0.8487  0.000014
0.849   0.00001
0.8493  0.000007
0.8496  0.000002
0.8499  -0.000003
0.8502  -0.000008
0.8505  -0.000014
0.8508  -0.00002
0.8511  -0.000026
0.8514  -0.000032
0.8517  -0.000038
0.852   -0.000044
0.8523  -0.000051
0.8526  -0.000057
0.8529  -0.000062
0.8532  -0.000067
0.8535  -0.000072
0.8538  -0.000076
0.8541  -0.000079
0.8544  -0.000083
0.8547  -0.000086
0.855   -0.000088
0.8553  -0.00009
0.8556  -0.000092
0.8559  -0.000094
0.8562  -0.000095
0.8565  -0.000095
0.8568  -0.000096
0.8571  -0.000096
0.8574  -0.000096
0.8577  -0.000096
0.858   -0.000095
0.8583  -0.000095
0.8586  -0.000095
0.8589  -0.000095
0.8592  -0.000095
0.8595  -0.000095
0.8598  -0.000096
0.8601  -0.000097
0.8604  -0.000098
0.8607  -0.000099
0.861   -0.0001
0.8613  -0.000102
0.8616  -0.000103
0.8619  -0.000104
0.8622  -0.000104
0.8625  -0.000105
0.8628  -0.000105
0.8631  -0.000105
0.8634  -0.000105
0.8637  -0.000104
0.864   -0.000104
0.8643  -0.000104
0.8646  -0.000103
0.8649  -0.000103
0.8652  -0.000102
0.8655  -0.000101
0.8658  -0.0001
0.8661  -0.000099
0.8664  -0.000098
0.8667  -0.000096
0.867   -0.000094
0.8673  -0.000093
0.8676  -0.000091
0.8679  -0.00009
0.8682  -0.000089
0.8685  -0.000088
0.8688  -0.000087
0.8691  -0.000087
0.8694  -0.000087
0.8697  -0.000087
0.87    -0.000087
0.8703  -0.000087
0.8706  -0.000088
0.8709  -0.000088
0.8712  -0.000088
0.8715  -0.000088
0.8718  -0.000088
0.8721  -0.000088
0.8724  -0.000088
0.8727  -0.000088
0.873   -0.000088
0.8733  -0.000088
0.8736  -0.000088
0.8739  -0.000088
0.8742  -0.000088
0.8745  -0.000088
0.8748  -0.000087
0.8751  -0.000087
0.8754  -0.000086
0.8757  -0.000085
0.876   -0.000085
0.8763  -0.000084
0.8766  -0.000083
0.8769  -0.000083
0.8772  -0.000082
0.8775  -0.000082
0.8778  -0.000082
0.8781  -0.000082
0.8784  -0.000082
0.8787  -0.000082
0.879   -0.000082
0.8793  -0.000082
0.8796  -0.000082
0.8799  -0.000081
0.8802  -0.000081
0.8805  -0.00008
0.8808  -0.00008
0.8811  -0.000079
0.8814  -0.000078
0.8817  -0.000077
0.882   -0.000076
0.8823  -0.000075
0.8826  -0.000074
0.8829  -0.000072
0.8832  -0.00007
0.8835  -0.000069
0.8838  -0.000067
0.8841  -0.000065
0.8844  -0.000062
0.8847  -0.00006
0.885   -0.000058
0.8853  -0.000056
0.8856  -0.000054
0.8859  -0.000053
0.8862  -0.000051
0.8865  -0.00005
0.8868  -0.000049
0.8871  -0.000048
0.8874  -0.000047
0.8877  -0.000047
0.888   -0.000046
0.8883  -0.000045
0.8886  -0.000045
0.8889  -0.000044
0.8892  -0.000043
0.8895  -0.000043
0.8898  -0.000042
0.8901  -0.000042
0.8904  -0.000041
0.8907  -0.00004
0.891   -0.000039
0.8913  -0.000038
0.8916  -0.000037
0.8919  -0.000036
0.8922  -0.000034
0.8925  -0.000033
0.8928  -0.000031
0.8931  -0.00003
0.8934  -0.000028
0.8937  -0.000027
0.894   -0.000025
0.8943  -0.000024
0.8946  -0.000022
0.8949  -0.000021
0.8952  -0.00002
0.8955  -0.000019
0.8958  -0.000018
0.8961  -0.000017
0.8964  -0.000016
0.8967  -0.000015
0.897   -0.000015
0.8973  -0.000014
0.8976  -0.000013
0.8979  -0.000013
0.8982  -0.000012
0.8985  -0.000011
0.8988  -0.00001
0.8991  -0.000009
0.8994  -0.000008
0.8997  -0.000008
0.9     -0.000006
0.9003  -0.000005
0.9006  -0.000004
0.9009  -0.000003
0.9012  -0.000002
0.9015  -0.000001
0.9018  0.000001
0.9021  0.000003
0.9024  0.000004
0.9027  0.000005
0.903   0.000005
0.9033  0.000006
0.9036  0.000006
0.9039  0.000007
0.9042  0.000007
0.9045  0.000006
0.9048  0.000006
0.9051  0.000006
0.9054  0.000006
0.9057  0.000005
0.906   0.000004
0.9063  0.000004
0.9066  0.000003
0.9069  0.000002
0.9072  0.000001
0.9075  0.000001
0.9078  -0.000001
0.9081  -0.000002
0.9084  -0.000003
0.9087  -0.000004
0.909   -0.000005
0.9093  -0.000005
0.9096  -0.000006
0.9099  -0.000007
0.9102  -0.000007
0.9105  -0.000008
0.9108  -0.000009
0.9111  -0.000009
0.9114  -0.00001
0.9117  -0.000011
0.912   -0.000012
0.9123  -0.000013
0.9126  -0.000014
0.9129  -0.000015
0.9132  -0.000016
0.9135  -0.000018
0.9138  -0.000019
0.9141  -0.000021
0.9144  -0.000023
0.9147  -0.000025
0.915   -0.000026
0.9153  -0.000028
0.9156  -0.00003
0.9159  -0.000032
0.9162  -0.000034
0.9165  -0.000036
0.9168  -0.000037
0.9171  -0.000039
0.9174  -0.00004
0.9177  -0.000042
0.918   -0.000043
0.9183  -0.000044
0.9186  -0.000046
0.9189  -0.000047
0.9192  -0.000048
0.9195  -0.000049
0.9198  -0.000049
0.9201  -0.00005
0.9204  -0.000051
0.9207  -0.000051
0.921   -0.000052
0.9213  -0.000053
0.9216  -0.000053
0.9219  -0.000054
0.9222  -0.000055
0.9225  -0.000055
0.9228  -0.000056
0.9231  -0.000056
0.9234  -0.000057
0.9237  -0.000057
0.924   -0.000058
0.9243  -0.000058
0.9246  -0.000059
0.9249  -0.000059
0.9252  -0.00006
0.9255  -0.000061
0.9258  -0.000061
0.9261  -0.000062
0.9264  -0.000063
0.9267  -0.000063
0.927   -0.000064
0.9273  -0.000065
0.9276  -0.000066
0.9279  -0.000067
0.9282  -0.000068
0.9285  -0.000069
0.9288  -0.00007
0.9291  -0.000071
0.9294  -0.000072
0.9297  -0.000074
0.93    -0.000075
0.9303  -0.000076
0.9306  -0.000077
0.9309  -0.000078
0.9312  -0.000079
0.9315  -0.000081
0.9318  -0.000082
0.9321  -0.000084
0.9324  -0.000086
0.9327  -0.000087
0.933   -0.000089
0.9333  -0.000091
0.9336  -0.000094
0.9339  -0.000096
0.9342  -0.000098
0.9345  -0.0001
0.9348  -0.000102
0.9351  -0.000105
0.9354  -0.000107
0.9357  -0.00011
0.936   -0.000112
0.9363  -0.000115
0.9366  -0.000117
0.9369  -0.00012
0.9372  -0.000122
0.9375  -0.000124
0.9378  -0.000126
0.9381  -0.000128
0.9384  -0.00013
0.9387  -0.000132
0.939   -0.000134
0.9393  -0.000136
0.9396  -0.000138
0.9399  -0.00014
0.9402  -0.000142
0.9405  -0.000143
0.9408  -0.000145
0.9411  -0.000147
0.9414  -0.000149
0.9417  -0.000151
0.942   -0.000153
0.9423  -0.000156
0.9426  -0.000158
0.9429  -0.00016
0.9432  -0.000162
0.9435  -0.000165
0.9438  -0.000167
0.9441  -0.000169
0.9444  -0.000172
0.9447  -0.000174
0.945   -0.000177
0.9453  -0.000179
0.9456  -0.000182
0.9459  -0.000184
0.9462  -0.000187
0.9465  -0.000189
0.9468  -0.000191
0.9471  -0.000194
0.9474  -0.000196
0.9477  -0.000198
0.948   -0.0002
0.9483  -0.000202
0.9486  -0.000203
0.9489  -0.000205
0.9492  -0.000206
0.9495  -0.000207
0.9498  -0.000208
0.9501  -0.000209
0.9504  -0.00021
0.9507  -0.000211
0.951   -0.000212
0.9513  -0.000213
0.9516  -0.000214
0.9519  -0.000215
0.9522  -0.000216
0.9525  -0.000217
0.9528  -0.000218
0.9531  -0.00022
0.9534  -0.000221
0.9537  -0.000223
0.954   -0.000224
0.9543  -0.000226
0.9546  -0.000228
0.9549  -0.000229
0.9552  -0.000231
0.9555  -0.000233
0.9558  -0.000234
0.9561  -0.000236
0.9564  -0.000237
0.9567  -0.000238
0.957   -0.00024
0.9573  -0.000241
0.9576  -0.000242
0.9579  -0.000243
0.9582  -0.000244
0.9585  -0.000244
0.9588  -0.000245
0.9591  -0.000245
0.9594  -0.000245
0.9597  -0.000246
0.96    -0.000246
0.9603  -0.000246
0.9606  -0.000246
0.9609  -0.000247
0.9612  -0.000247
0.9615  -0.000247
0.9618  -0.000248
0.9621  -0.000249
0.9624  -0.00025
0.9627  -0.00025
0.963   -0.000251
0.9633  -0.000253
0.9636  -0.000254
0.9639  -0.000255
0.9642  -0.000257
0.9645  -0.000258
0.9648  -0.00026
0.9651  -0.000261
0.9654  -0.000263
0.9657  -0.000264
0.966   -0.000265
0.9663  -0.000267
0.9666  -0.000268
0.9669  -0.00027
0.9672  -0.000271
0.9675  -0.000272
0.9678  -0.000273
0.9681  -0.000274
0.9684  -0.000275
0.9687  -0.000276
0.969   -0.000276
0.9693  -0.000277
0.9696  -0.000278
0.9699  -0.000279
0.9702  -0.00028
0.9705  -0.000281
0.9708  -0.000282
0.9711  -0.000283
0.9714  -0.000284
0.9717  -0.000285
0.972   -0.000287
0.9723  -0.000288
0.9726  -0.00029
0.9729  -0.000291
0.9732  -0.000293
0.9735  -0.000294
0.9738  -0.000296
0.9741  -0.000298
0.9744  -0.000299
0.9747  -0.000301
0.975   -0.000302
0.9753  -0.000304
0.9756  -0.000306
0.9759  -0.000308
0.9762  -0.00031
0.9765  -0.000313
0.9768  -0.000316
0.9771  -0.00032
0.9774  -0.000325
0.9777  -0.00033
0.978   -0.000335
0.9783  -0.000341
0.9786  -0.000348
0.9789  -0.000354
0.9792  -0.000361
0.9795  -0.000367
0.9798  -0.000374
0.9801  -0.000381
0.9804  -0.000389
0.9807  -0.000396
0.981   -0.000403
0.9813  -0.000411
0.9816  -0.000419
0.9819  -0.000427
0.9822  -0.000435
0.9825  -0.000443
0.9828  -0.000452
0.9831  -0.00046
0.9834  -0.000469
0.9837  -0.000478
0.984   -0.000487
0.9843  -0.000496
0.9846  -0.000505
0.9849  -0.000515
0.9852  -0.000525
0.9855  -0.000535
0.9858  -0.000545
0.9861  -0.000555
0.9864  -0.000566
0.9867  -0.000577
0.987   -0.000588
0.9873  -0.0006
0.9876  -0.000606
0.9879  0,00E+00
0.9882  0,00E+00
0.9885  0,00E+00
0.9888  0,00E+00
0.9891  0,00E+00
0.9894  0,00E+00
0.9897  0,00E+00
0.99    0,00E+00
0.9903  0,00E+00
0.9906  0,00E+00
0.9909  0,00E+00
0.9912  0,00E+00
0.9915  0,00E+00
0.9918  0,00E+00
0.9921  0,00E+00
0.9924  0,00E+00
0.9927  0,00E+00
0.993   0,00E+00
0.9933  0,00E+00
0.9936  0,00E+00
0.9939  0,00E+00
0.9942  0,00E+00
0.9945  0,00E+00
0.9948  0,00E+00
0.9951  0,00E+00
0.9954  0,00E+00
0.9957  0,00E+00
0.996   0,00E+00
0.9963  0,00E+00
0.9966  0,00E+00
0.9969  0,00E+00
0.9972  0,00E+00
0.9975  0,00E+00
0.9978  0,00E+00
0.9981  0,00E+00
0.9984  0,00E+00
0.9987  0,00E+00
0.999   0,00E+00
0.9993  0,00E+00
0.9996  0,00E+00
0.9999  0,00E+00
1.0002  0,00E+00
1.0005  0,00E+00
1.0008  0,00E+00
1.0011  0,00E+00
1.0014  0,00E+00
1.0017  0,00E+00
1.002   0,00E+00
1.0023  0,00E+00
1.0026  0,00E+00
1.0029  0,00E+00
1.0032  0,00E+00
